#index type state x1 y1 x2 y2 bleached_x1 bleached_x2 
#t=20
0 4 1 0.567017 3.88273 0.567017 3.88376 -1 -1
1 4 4 0.596176 0.847172 1.42659 0.720602 -1 -1
2 4 4 0.196766 2.12491 0.531361 2.064 -1 -1
3 4 2 0.815808 0.556315 1.19034 0.620567 -1 -1
4 3 2 0.819559 4.24481 1.49947 4.23389 -1 -1
5 4 1 1.04921 3.48682 1.04921 3.48682 -1 -1
6 4 4 0.204674 0.406323 1.07084 0.650781 -1 -1
7 4 4 0.143439 0.101094 0.663352 0.110621 -1 -1
8 3 4 0.883194 3.1351 0.981596 3.1173 -1 -1
9 3 2 0.477449 1.48728 1.44376 1.74467 -1 -1
10 4 2 0.666493 2.83457 1.13968 2.99611 -1 -1
11 3 4 0.185043 3.5392 1.00106 3.61988 -1 -1
12 3 7 0.302755 1.52648 1.5 1.11873 -1 -1
13 4 3 0.503652 2.85905 1.31688 3.06793 -1 -1
14 4 4 0.217385 1.12626 1.499 1.30725 -1 -1
15 4 3 0.781999 1.44577 1.499 1.6005 -1 -1
16 4 2 0.0356761 4.24657 0.427196 4.32849 -1 -1
17 4 3 0.842899 1.99903 0.982652 1.99073 -1 -1
18 4 2 1.26581 1.36602 1.44276 1.39902 -1 -1
19 3 2 0.152531 0.251343 0.851754 0.0090899 -1 -1
20 4 4 0.369666 0.560576 0.549011 0.545231 -1 -1
21 4 4 0.201512 2.81537 0.379593 2.84159 -1 -1
22 4 2 0.389094 1.32692 0.549047 1.33078 -1 -1
23 4 4 0.186411 3.99206 0.497424 4.06737 -1 -1
24 4 2 0.410851 0.675232 1.21271 0.846776 -1 -1
25 3 4 0.193392 3.71468 0.505112 3.6442 -1 -1
26 4 4 0.262038 0.0887919 0.401388 0.0753182 -1 -1
27 4 1 0.273232 3.38728 0.273232 3.38339 -1 -1
28 3 3 0.740222 3.57912 1.23739 3.42673 -1 -1
29 4 4 1.03314 0.341317 1.499 0.395085 -1 -1
30 4 2 0.179994 1.76328 1.40979 1.75301 -1 -1
31 4 1 1.26269 0.225257 1.26269 0.225257 -1 -1
32 4 4 0.01999 3.56112 1.44977 3.51589 -1 -1
33 3 2 0.10554 1.27351 0.962222 1.34898 -1 -1
34 4 4 0.305061 0.76346 1.45503 0.399197 -1 -1
35 4 3 0.830027 0.404416 1.2091 0.53792 -1 -1
36 4 3 0.0599831 0.346487 0.515439 0.335669 -1 -1
37 4 4 0.74485 2.01865 1.29425 1.83273 -1 -1
38 4 2 0.85161 1.48824 1.1915 1.49667 -1 -1
39 3 3 1.23577 4.36473 1.25561 4.36216 -1 -1
40 4 2 0.797909 3.01824 1.2804 2.88708 -1 -1
41 4 2 1.29014 2.63257 1.34994 2.62766 -1 -1
42 4 4 0.593172 1.72843 0.71154 1.7087 -1 -1
43 4 4 0.280312 3.68668 0.319141 3.67707 -1 -1
44 4 4 0.292267 2.35152 1.499 2.06194 -1 -1
45 3 2 0.510076 2.46222 0.683628 2.41448 -1 -1
46 3 4 0.102349 2.14692 1.2792 2.3815 -1 -1
47 4 2 0.0335944 4.06968 1.44859 3.80248 -1 -1
48 4 2 0.194335 2.41639 0.379525 2.37135 -1 -1
49 4 2 0.295876 3.59426 0.546705 3.66271 -1 -1
50 3 3 0.143265 4.05574 1.44111 3.80224 -1 -1
51 4 2 0.624465 1.78487 1.06398 1.76412 -1 -1
52 4 2 0.00120949 2.82486 0.0998197 2.80825 -1 -1
53 4 1 0.53669 2.90085 0.53669 2.90284 -1 -1
54 4 2 0.937941 1.31523 1.16541 1.39175 -1 -1
55 4 2 0.587718 0.256668 1.20127 0.345876 -1 -1
56 4 2 0.442808 1.84616 0.918337 1.78079 -1 -1
57 3 3 0.969494 1.62164 1.46035 1.68729 -1 -1
58 3 2 0.683196 0.282061 1.33813 0.0991212 -1 -1
59 4 2 0.128072 4.51195 0.344989 4.47525 -1 -1
60 4 2 0.502228 0.966317 1.39982 1.24548 -1 -1
61 4 2 0.494501 0.525009 0.884243 0.466724 -1 -1
62 4 4 0.0937092 3.84691 0.211605 3.86928 -1 -1
63 4 4 0.486881 1.32723 1.17483 1.1979 -1 -1
64 4 2 0.157122 1.29244 0.914429 1.22852 -1 -1
65 4 1 0.539431 3.89458 0.539431 3.89642 -1 -1
66 4 2 0.855525 2.67763 0.914815 2.66842 -1 -1
67 4 3 0.0380454 3.49987 1.36083 3.9293 -1 -1
68 3 3 0.059625 1.81381 1.32156 1.64667 -1 -1
69 4 1 1.45591 0.327609 1.45591 0.327609 -1 -1
70 4 3 0.445658 4.28586 0.511163 4.26911 -1 -1
71 4 3 1.19086 2.54739 1.46838 2.48562 -1 -1
72 3 2 0.0180902 4.20239 0.452806 4.13441 -1 -1
73 4 3 0.841745 3.3355 0.889753 3.34555 -1 -1
74 4 2 0.339382 3.87664 0.857351 3.84536 -1 -1
75 3 2 0.054283 3.94419 0.98404 3.70513 -1 -1
76 4 3 0.828396 4.63238 1.18835 4.63801 -1 -1
77 4 2 0.754191 1.54073 1.25205 1.3906 -1 -1
78 4 2 0.410841 4.5704 1.32206 4.69718 -1 -1
79 4 2 1.24507 2.64528 1.30474 2.6515 -1 -1
80 4 2 0.654413 4.73161 1.29847 4.58742 -1 -1
81 4 4 0.526587 1.01177 0.744731 0.983247 -1 -1
82 3 4 1.13413 2.36659 1.36977 2.32106 -1 -1
83 3 2 0.0107593 4.46548 1.34758 4.03863 -1 -1
84 4 1 0.601991 3.87165 0.601991 3.87165 -1 -1
85 4 2 0.606156 3.55574 1.06078 3.48564 -1 -1
86 4 4 0.21272 1.81518 1.29024 2.09947 -1 -1
87 4 1 0.813113 2.69243 0.813113 2.69243 -1 -1
88 4 3 0.399972 3.54658 1.13118 3.5379 -1 -1
89 4 2 1.12107 2.16194 1.19774 2.18478 -1 -1
90 3 2 0.973857 2.30656 1.15109 2.33803 -1 -1
91 4 2 0.0034067 3.50286 0.102927 3.49308 -1 -1
92 4 1 0.509108 4.72582 0.509108 4.72582 -1 -1
93 4 3 0.35987 3.20892 1.30444 3.18357 -1 -1
94 4 4 0.512001 1.82336 1.499 2.15421 -1 -1
95 4 3 0.299763 4.40046 1.33462 4.35933 -1 -1
96 4 3 0.0506675 1.97826 0.522626 2.14335 -1 -1
97 4 2 0.575342 2.21225 0.995119 2.22593 -1 -1
98 4 6 0 2.52204 1.49273 2.62682 -1 -1
99 4 4 0.679757 4.31803 1.34118 4.30033 -1 -1
100 4 2 0.991277 2.78841 1.29045 2.76621 -1 -1
101 4 2 1.38208 2.02726 1.45825 2.05173 -1 -1
102 3 2 0.0197953 2.68151 0.375576 2.74093 -1 -1
103 4 4 0.0498742 4.44378 0.421077 4.36249 -1 -1
104 4 2 1.35851 3.1377 1.45595 3.11525 -1 -1
105 4 2 0.272129 0.851947 0.332077 0.854454 -1 -1
106 4 3 0.135979 2.81614 0.552755 2.71404 -1 -1
107 4 2 1.36138 2.8755 1.45576 2.90856 -1 -1
108 4 2 0.260212 4.47574 0.53017 4.40142 -1 -1
109 4 2 0.299376 3.89744 0.555539 3.94195 -1 -1
110 4 1 0.616002 0.0948512 0.616002 0.0992942 -1 -1
111 4 4 0.0633853 2.08196 1.29426 2.35131 -1 -1
112 3 4 0.560804 0.959859 0.617645 0.979071 -1 -1
113 4 2 0.69033 4.6597 0.787647 4.6827 -1 -1
114 4 2 1.35363 1.63067 1.41363 1.63104 -1 -1
115 4 2 0.587969 1.66186 1.28796 1.6591 -1 -1
116 4 4 0.305182 2.6554 0.500862 2.61406 -1 -1
117 4 2 0.873151 4.86336 1.39275 4.8838 -1 -1
118 3 3 0.00537278 1.91734 0.670516 1.81109 -1 -1
119 4 2 0.245104 2.1941 0.880041 2.11376 -1 -1
120 4 4 0.70382 0.0101742 1.32211 0.0561642 -1 -1
121 3 1 0.479641 3.69161 0.479641 3.69161 -1 -1
122 4 1 0.242847 1.11289 0.242847 1.11048 -1 -1
123 4 4 0.85632 2.13633 1.48219 2.00259 -1 -1
124 4 2 0.610502 0.943607 1.38478 1.03792 -1 -1
125 4 2 0.0757475 1.82657 1.1404 1.54994 -1 -1
126 4 1 1.14757 3.81661 1.14757 3.81661 -1 -1
127 3 4 0.162523 2.91149 0.426853 2.81675 -1 -1
128 4 4 1.35103 2.84572 1.44821 2.82214 -1 -1
129 4 1 1.01274 4.69848 1.01274 4.6988 -1 -1
130 3 2 0.812719 4.23079 1.28341 4.39947 -1 -1
131 4 1 0.223989 2.77999 0.223989 2.77999 -1 -1
132 3 2 0.77385 1.52873 1.3738 1.68513 -1 -1
133 4 3 0.14 3.28467 0.537819 3.28541 -1 -1
134 4 2 0.10849 1.52222 0.799594 1.41098 -1 -1
135 3 4 0.796276 3.42093 0.986635 3.48228 -1 -1
136 4 4 0.39436 2.1612 1.32176 2.0078 -1 -1
137 4 4 0.193978 3.8903 0.93384 3.90461 -1 -1
138 4 2 0.974991 4.78514 1.24181 4.70026 -1 -1
139 3 1 0.189453 3.05994 0.189453 3.05994 -1 -1
140 3 4 0.916016 0.518792 1.49286 0.57919 -1 -1
141 4 3 0.364582 2.23863 0.978436 2.05823 -1 -1
142 3 1 0.768442 4.24903 0.768442 4.24903 -1 -1
143 4 2 0.561869 3.38667 0.881353 3.3685 -1 -1
144 3 3 0.953323 2.81654 1.26375 2.76102 -1 -1
145 3 2 0.583034 4.26977 1.31044 4.02506 -1 -1
146 3 2 0.76388 4.83984 0.863375 4.84988 -1 -1
147 3 3 0.132756 1.93741 0.182375 1.9466 -1 -1
148 4 2 0.374541 2.42235 1.23464 2.60845 -1 -1
149 3 4 0.14318 0.344793 1.42244 0.668413 -1 -1
150 4 2 1.1694 2.23063 1.3483 2.25054 -1 -1
151 4 1 0.836639 3.55637 0.836639 3.55847 -1 -1
152 4 2 0.826457 4.20499 1.11972 4.26819 -1 -1
153 4 1 0.495371 4.34906 0.495371 4.34611 -1 -1
154 4 3 0.226961 2.67941 0.725468 2.50801 -1 -1
155 4 3 0.699536 1.14912 0.821903 1.14466 -1 -1
156 4 2 0.799839 3.38304 1.09412 3.38895 -1 -1
157 3 3 0.490363 1.44036 1.06132 1.39607 -1 -1
158 4 1 1.25153 3.61912 1.25153 3.61912 -1 -1
159 4 3 0.259905 1.62395 0.272759 1.6243 -1 -1
160 4 2 1.00664 1.69102 1.19617 1.62715 -1 -1
161 3 2 1.0209 4.52832 1.44101 4.45015 -1 -1
162 3 4 0.155739 3.27139 1.4803 3.06857 -1 -1
163 3 2 0.61551 3.74007 1.41365 3.68556 -1 -1
164 4 1 0.813535 0.532049 0.813535 0.534627 -1 -1
165 4 3 0.319985 3.65126 1.44531 3.64032 -1 -1
166 3 2 0.587745 4.53303 0.987346 4.55088 -1 -1
167 4 1 0.116027 2.14761 0.116027 2.1477 -1 -1
168 3 3 0.376358 2.99067 1.36028 3.053 -1 -1
169 4 6 0 3.93359 0.196339 3.90819 -1 -1
170 4 1 0.39408 0.304221 0.39408 0.304004 -1 -1
171 4 4 0.525752 2.82868 0.68541 2.81822 -1 -1
172 4 1 0.460419 0.349346 0.460419 0.349346 -1 -1
173 4 4 1.06741 4.82719 1.10639 4.81819 -1 -1
174 3 3 0.721321 2.34845 0.88482 2.32794 -1 -1
175 4 5 1.18874 0 1.32299 0.0283359 -1 -1
176 3 4 0.142861 1.26323 1.07298 1.49429 -1 -1
177 4 4 0.536104 3.46136 1.09302 3.40272 -1 -1
178 3 2 0.923215 0.791831 0.963056 0.795389 -1 -1
179 4 1 1.26506 0.361582 1.26506 0.363722 -1 -1
180 4 1 0.929638 4.95418 0.929638 4.95438 -1 -1
181 4 2 0.49935 1.95661 0.872852 1.93755 -1 -1
182 4 2 0.492315 1.20736 1.33252 1.39082 -1 -1
183 4 4 0.822869 4.41765 1.3611 4.46136 -1 -1
184 4 2 0.414651 1.49764 0.926024 1.67916 -1 -1
185 3 2 1.16536 3.01887 1.24076 2.99213 -1 -1
186 3 2 0.200666 3.15162 1.0187 3.09481 -1 -1
187 4 6 0 4.77046 0.854832 4.58816 -1 -1
188 4 2 0.674176 3.36127 1.09966 3.30522 -1 -1
189 4 4 0.178251 3.78199 0.516626 3.81519 -1 -1
190 4 2 0.297713 4.91737 1.46315 4.77263 -1 -1
191 4 5 0.00912171 5 1.28234 4.75145 -1 -1
192 3 2 0.0673432 0.435124 0.61638 0.622096 -1 -1
193 4 2 0.150368 2.0086 0.453476 1.906 -1 -1
194 3 1 0.369975 4.69994 0.369975 4.69994 -1 -1
195 4 4 0.367501 2.04118 0.426054 2.02808 -1 -1
196 4 4 0.139849 4.08959 0.964847 4.05122 -1 -1
197 3 3 0.800506 2.50078 1.25835 2.35662 -1 -1
198 4 4 1.02602 3.43563 1.4312 3.54622 -1 -1
199 3 1 1.23289 1.9176 1.23289 1.91882 -1 -1
200 4 4 0.238049 3.1516 1.47827 2.99247 -1 -1
201 3 2 0.023006 3.15864 1.14064 3.23136 -1 -1
202 4 1 1.30213 4.82786 1.30213 4.82786 -1 -1
203 4 1 0.940181 1.14325 0.940181 1.14425 -1 -1
204 3 2 0.471865 3.82671 1.32811 3.62363 -1 -1
205 4 2 0.2978 3.89311 1.499 3.74684 -1 -1
206 4 2 0.255468 2.44556 1.30654 2.24669 -1 -1
207 4 2 0.734249 0.984781 1.35908 1.1233 -1 -1
208 4 2 0.400478 3.19941 0.600113 3.18733 -1 -1
209 4 1 0.710133 3.15324 0.710133 3.15264 -1 -1
210 3 3 0.518745 1.80816 1.0804 1.78376 -1 -1
211 4 2 0.0599897 0.186258 1.32097 0.16293 -1 -1
212 4 4 0.0592183 1.16418 1.21601 0.975598 -1 -1
213 3 3 0.0222882 2.84917 1.16226 2.98136 -1 -1
214 4 2 0.855093 2.5716 1.28845 2.64778 -1 -1
215 3 4 0.641759 1.50493 1.42059 1.24837 -1 -1
216 3 4 0.282014 2.21004 0.441886 2.20366 -1 -1
217 4 2 0 3.09389 0.0354997 3.10511 -1 -1
218 3 4 0.97599 3.56327 1.32593 3.47878 -1 -1
219 3 4 0.443957 1.21093 0.576289 1.25663 -1 -1
220 4 4 0.154557 1.48299 0.426037 1.55567 -1 -1
221 4 3 0.984707 2.5737 1.41981 2.50822 -1 -1
222 3 2 0.769051 1.42726 1.21725 1.53079 -1 -1
223 4 3 0.497427 2.26448 1.30317 2.50995 -1 -1
224 4 1 0.532448 3.88725 0.532448 3.88849 -1 -1
225 4 2 0.194677 3.96958 0.88702 4.1326 -1 -1
226 4 3 0.702214 2.97665 0.815776 3.00237 -1 -1
227 3 2 0.147251 4.13297 0.586086 3.99186 -1 -1
228 3 2 0.544626 1.01493 1.05863 1.18046 -1 -1
229 3 4 0.283221 1.35983 0.522414 1.34016 -1 -1
230 3 1 0.17392 4.93728 0.17392 4.93728 -1 -1
231 3 4 0.734139 0.78281 0.86947 0.746956 -1 -1
232 4 2 0.139838 2.41613 0.918421 2.45359 -1 -1
233 4 1 1.37439 3.96333 1.37439 3.96333 -1 -1
234 3 2 0.455409 1.41305 1.14816 1.51353 -1 -1
235 4 1 0.0623261 2.6665 0.0623261 2.66345 -1 -1
236 3 1 1.14612 4.15592 1.14612 4.15909 -1 -1
237 3 2 0.405445 0.481561 0.676545 0.551595 -1 -1
238 3 2 0.137081 4.69439 0.913582 4.62059 -1 -1
239 4 2 0.895562 2.13884 1.12168 2.0584 -1 -1
240 4 2 0.929507 4.70278 1.42739 4.65678 -1 -1
241 4 4 0.999187 1.87297 1.26933 1.9466 -1 -1
242 4 1 0.830982 2.41858 0.830982 2.41818 -1 -1
243 4 2 0.434655 2.89387 1.34041 3.05512 -1 -1
244 4 3 0.019998 1.63783 0.388092 1.6326 -1 -1
245 4 3 0.822067 1.14188 0.862005 1.13965 -1 -1
246 4 3 0.908883 2.14249 1.46185 2.05399 -1 -1
247 4 1 0.929285 1.44735 0.929285 1.44806 -1 -1
248 4 4 0.309286 0.90449 0.428066 0.887426 -1 -1
249 3 2 0.19035 3.39524 0.608051 3.43914 -1 -1
250 4 1 0.456888 1.86191 0.456888 1.86191 -1 -1
251 4 4 0.307927 4.94208 0.72991 4.81746 -1 -1
252 3 1 0.292768 2.32705 0.292768 2.32725 -1 -1
253 4 3 0.102445 4.85465 0.122348 4.85268 -1 -1
254 4 2 0.256398 0.410776 0.614138 0.3506 -1 -1
255 4 4 0.42413 4.17886 0.636364 4.12093 -1 -1
256 3 1 1.4425 2.73913 1.4425 2.73902 -1 -1
257 4 1 1.01553 1.3235 1.01553 1.3235 -1 -1
258 4 3 0.278669 4.35634 0.637884 4.3915 -1 -1
259 4 1 0.838054 0.097048 0.838054 0.093292 -1 -1
260 4 2 0.430047 1.66064 1.24506 1.48428 -1 -1
261 4 2 0.97629 0.82225 1.3254 0.910124 -1 -1
262 4 2 0.750445 1.4685 1.46824 1.4122 -1 -1
263 4 1 0.189209 2.26574 0.189209 2.26569 -1 -1
264 4 2 1.03755 0.88891 1.1984 0.87786 -1 -1
265 4 1 1.32706 1.73599 1.32706 1.73595 -1 -1
266 4 2 0.395842 0.439261 1.47457 0.821839 -1 -1
267 4 1 1.14265 1.78007 1.14265 1.78007 -1 -1
268 4 1 0.394316 4.89855 0.394316 4.89864 -1 -1
269 4 4 0.378274 0.287162 0.764876 0.154264 -1 -1
270 3 4 0.365611 1.70079 0.751219 1.80712 -1 -1
271 4 6 0 4.73049 0.138498 4.6916 -1 -1
272 3 4 0.324666 1.45089 1.18527 1.2928 -1 -1
273 3 3 0.665027 1.4529 1.34411 1.29601 -1 -1
274 3 1 0.499416 4.4753 0.499416 4.47663 -1 -1
275 4 1 0.476116 4.37585 0.476116 4.3759 -1 -1
276 4 1 0.0830314 4.74016 0.0830314 4.74016 -1 -1
277 4 4 0.791091 0.712079 1.20954 0.676056 -1 -1
278 4 4 0.648205 4.0742 1.40136 3.97245 -1 -1
279 4 1 1.0432 2.87551 1.0432 2.87667 -1 -1
280 4 1 0.996729 3.51444 0.996729 3.51444 -1 -1
281 4 4 1.03789 1.424 1.15576 1.44652 -1 -1
282 4 6 0 3.81857 0.346764 3.91704 -1 -1
283 4 2 1.3084 3.80297 1.46393 3.84054 -1 -1
284 3 2 0.0205754 0.413281 0.912799 0.295227 -1 -1
285 4 1 0.840785 3.31229 0.840785 3.31229 -1 -1
286 4 1 0.880597 3.73388 0.880597 3.73397 -1 -1
287 4 2 0.579871 3.98264 0.898639 4.0107 -1 -1
288 4 4 0.451421 3.14065 1.499 3.42793 -1 -1
289 4 4 0.300955 3.88195 0.333666 3.87013 -1 -1
290 3 1 1.35114 4.23233 1.35114 4.23091 -1 -1
291 4 1 1.31459 3.99712 1.31459 3.99712 -1 -1
292 4 1 0.296257 3.15238 0.296257 3.14891 -1 -1
293 4 2 1.1873 1.48731 1.39561 1.41657 -1 -1
294 3 3 0.444696 0.770252 0.746386 0.809611 -1 -1
295 4 3 0.319597 1.90334 0.976063 1.93632 -1 -1
296 4 2 0.228266 1.1044 1.27523 0.764413 -1 -1
297 4 1 0.513642 4.52802 0.513642 4.52802 -1 -1
298 4 1 1.09922 2.00953 1.09922 2.00953 -1 -1
299 4 5 0.789178 5 1.16547 4.94225 -1 -1
300 4 1 1.3218 2.0895 1.3218 2.0895 -1 -1
301 3 4 0.223129 1.93243 0.452417 2.00333 -1 -1
302 4 4 0.564545 1.18745 0.681067 1.21613 -1 -1
303 4 3 0.286104 4.30524 0.721124 4.44246 -1 -1
304 4 2 0.419039 1.66723 0.457663 1.67763 -1 -1
305 4 2 0.109273 4.01772 1.00837 3.97741 -1 -1
306 4 4 0.300253 0.996408 0.639294 0.970891 -1 -1
307 4 3 0.363006 3.02195 0.827037 3.16559 -1 -1
308 4 3 0.864223 3.34536 1.09569 3.28194 -1 -1
309 4 4 0.906496 4.97493 1.42518 4.938 -1 -1
310 4 1 0.821004 3.13873 0.821004 3.13873 -1 -1
311 4 4 0.209504 0.42375 0.49143 0.526304 -1 -1
312 4 3 0.9334 1.46174 1.00337 1.48413 -1 -1
313 4 4 0.438045 1.85403 0.53804 1.85502 -1 -1
314 4 1 0.549874 2.75702 0.549874 2.75702 -1 -1
315 4 4 0.0305788 3.30372 0.656419 3.4376 -1 -1
316 3 2 0.184773 2.84796 0.861048 2.80921 -1 -1
317 4 1 1.35346 4.78187 1.35346 4.78187 -1 -1
318 4 2 1.20133 0.539674 1.31924 0.561978 -1 -1
319 3 4 0.565839 4.21784 1.45598 3.91577 -1 -1
320 4 2 0.231271 1.78794 1.0438 2.00099 -1 -1
321 4 1 0.243159 3.30521 0.243159 3.30308 -1 -1
322 3 2 0.661879 0.0958549 1.38643 0.343104 -1 -1
323 3 2 0.699882 1.19555 0.776758 1.17341 -1 -1
324 3 2 0.138957 1.302 0.598206 1.32827 -1 -1
325 4 2 0.719035 4.70588 1.39352 4.93678 -1 -1
326 4 3 0.898453 1.813 1.47366 1.84678 -1 -1
327 4 1 0.703749 3.83265 0.703749 3.83151 -1 -1
328 4 4 0.415344 4.34335 1.3646 4.01146 -1 -1
329 4 4 0.495233 1.42742 0.973587 1.46713 -1 -1
330 4 1 0.809495 3.99623 0.809495 3.9977 -1 -1
331 4 1 0.181578 3.80901 0.181578 3.80901 -1 -1
332 4 2 0.736759 1.74822 0.891708 1.70833 -1 -1
333 4 3 0.259036 1.59731 0.531856 1.57376 -1 -1
334 4 1 0.327637 3.87494 0.327637 3.8756 -1 -1
335 4 1 1.1168 0.672645 1.1168 0.672645 -1 -1
336 3 1 0.429523 0.347348 0.429523 0.347651 -1 -1
337 3 2 0.446158 4.78783 1.22135 4.98549 -1 -1
338 4 2 0.725024 3.80859 1.10654 3.68839 -1 -1
339 4 6 0 0.493827 0.72694 0.390107 -1 -1
340 3 3 1.05631 4.18851 1.35631 4.18973 -1 -1
341 4 2 0.511649 3.66277 1.17288 3.50409 -1 -1
342 4 4 0.419941 2.34301 0.775961 2.33706 -1 -1
343 4 1 0.361923 0.176432 0.361923 0.178023 -1 -1
344 4 2 0.225668 0.418521 0.323163 0.383227 -1 -1
345 4 2 0.0895197 1.94936 0.749256 1.968 -1 -1
346 4 1 1.35387 2.64023 1.35387 2.64023 -1 -1
347 4 3 1.15683 4.07909 1.19665 4.07533 -1 -1
348 4 1 0.260507 2.7874 0.260507 2.78745 -1 -1
349 4 3 0.733289 3.32354 0.847655 3.28208 -1 -1
350 4 4 0.328041 4.04888 0.706937 4.07782 -1 -1
351 3 4 0.316305 1.54103 1.48008 1.64764 -1 -1
352 4 1 1.10961 2.13596 1.10961 2.1358 -1 -1
353 3 7 0.941778 3.20417 1.5 3.24211 -1 -1
354 4 6 0 4.16171 1.49164 4.47741 -1 -1
355 4 2 0.250217 0.89707 0.32818 0.915008 -1 -1
356 3 4 1.38613 1.17427 1.44582 1.16814 -1 -1
357 4 2 0.472112 2.29508 0.811251 2.31927 -1 -1
358 4 4 0.743312 4.32595 0.882159 4.34388 -1 -1
359 4 2 0.205641 1.81284 1.20988 1.54246 -1 -1
360 4 2 0.892333 4.69112 1.24709 4.62991 -1 -1
361 4 1 0.861172 1.12147 0.861172 1.12147 -1 -1
362 4 2 0.174109 3.87533 0.309562 3.91072 -1 -1
363 3 4 0.382191 3.1474 1.49143 3.41046 -1 -1
364 3 4 0.0245011 0.967287 0.737655 1.1648 -1 -1
365 4 2 0.144141 0.0176474 1.26413 0.0223888 -1 -1
366 4 3 0.239583 2.55394 0.525106 2.57079 -1 -1
367 4 1 1.01248 2.45587 1.01248 2.45587 -1 -1
368 3 1 0.952813 1.60524 0.952813 1.60629 -1 -1
369 4 4 0.0577555 0.217669 0.459293 0.104642 -1 -1
370 4 2 0.22375 1.69766 1.44912 1.50775 -1 -1
371 4 1 0.634194 2.70353 0.634194 2.70353 -1 -1
372 3 4 0.183903 1.31757 1.14347 1.2888 -1 -1
373 3 4 0.0166564 4.42058 0.493046 4.47934 -1 -1
374 4 2 0.216502 0.457069 1.47897 0.684912 -1 -1
375 4 1 0.172908 2.68798 0.172908 2.69357 -1 -1
376 3 4 0.817401 0.124106 1.03353 0.16521 -1 -1
377 3 4 0.625616 2.0073 0.78543 2.01501 -1 -1
378 3 1 1.01833 0.220966 1.01833 0.219434 -1 -1
379 4 4 0.893344 2.41538 1.39741 2.28766 -1 -1
380 4 2 0.429232 0.772552 1.28896 0.750939 -1 -1
381 3 3 0.0312099 3.27494 1.1815 3.38669 -1 -1
382 4 1 1.48694 3.92357 1.48694 3.92357 -1 -1
383 4 4 0.645876 2.14971 1.28308 2.32166 -1 -1
384 4 3 0.584809 2.00916 1.49345 1.80071 -1 -1
385 4 1 1.37061 0.447098 1.37061 0.447098 -1 -1
386 3 2 0.981822 2.75319 1.25459 2.84864 -1 -1
387 4 3 0.288857 3.93121 0.922902 3.75341 -1 -1
388 4 2 0.193704 0.507435 0.873273 0.483233 -1 -1
389 4 1 1.3299 4.3825 1.3299 4.3825 -1 -1
390 4 4 0.734271 0.941947 1.12971 0.800427 -1 -1
391 4 1 0.805147 0.0105929 0.805147 0.0105929 -1 -1
392 4 3 0.472039 1.73351 1.12377 1.61331 -1 -1
393 3 4 0.454319 4.31286 0.972416 4.16063 -1 -1
394 4 2 0.234432 3.13883 1.01278 2.96819 -1 -1
395 4 2 0.371848 1.09518 1.1461 1.25819 -1 -1
396 3 1 0.992425 2.91577 0.992425 2.91577 -1 -1
397 4 1 0.432266 3.24978 0.432266 3.24867 -1 -1
398 4 1 1.08371 1.0589 1.08371 1.0589 -1 -1
399 4 6 0 0.611106 0.0685423 0.595601 -1 -1
400 4 2 0.158941 2.5672 0.639325 2.51165 -1 -1
401 3 2 0.416423 2.44322 1.28991 2.3364 -1 -1
402 3 2 0.843284 1.2418 1.31875 1.17595 -1 -1
403 3 4 0.407475 2.71471 1.44102 2.59902 -1 -1
404 4 3 0.339195 4.56454 1.47191 4.64264 -1 -1
405 4 1 1.13312 4.87415 1.13312 4.87513 -1 -1
406 3 5 0.113655 0.238863 1.1122 0 -1 -1
407 3 2 0.112637 3.81815 0.595858 3.6897 -1 -1
408 3 4 0.0557732 0.714163 1.34209 0.504001 -1 -1
409 4 2 0.233378 4.47182 1.32774 4.8565 -1 -1
410 4 1 0.197009 1.83546 0.197009 1.83526 -1 -1
411 4 4 0.628199 0.878013 1.0558 0.981722 -1 -1
412 4 1 0.726133 2.63103 0.726133 2.63144 -1 -1
413 3 3 1.27218 3.48919 1.4601 3.47598 -1 -1
414 4 3 0.584465 1.03445 0.62112 1.02148 -1 -1
415 4 4 1.26497 0.233512 1.41554 0.197833 -1 -1
416 4 3 0.547792 3.2762 1.02518 3.44229 -1 -1
417 3 4 0.0547243 3.79183 0.630528 3.94574 -1 -1
418 4 1 0.662788 2.26657 0.662788 2.26696 -1 -1
419 4 2 0.136387 2.30966 0.254767 2.32931 -1 -1
420 3 2 0.493192 4.59279 1.47546 4.31794 -1 -1
421 4 2 0.13946 1.60728 1.11212 1.9144 -1 -1
422 3 3 1.37501 2.96585 1.48013 2.97804 -1 -1
423 3 1 1.4009 3.59214 1.4009 3.59651 -1 -1
424 4 4 0.0195252 1.40208 0.713783 1.55611 -1 -1
425 4 4 1.19289 3.24717 1.29282 3.24368 -1 -1
426 4 5 0.384692 0 1.1215 0.219854 -1 -1
427 3 3 0.628965 3.24803 1.02228 3.36954 -1 -1
428 4 4 0.224833 3.41353 0.928137 3.18339 -1 -1
429 4 3 0.55147 3.15042 1.03953 3.30943 -1 -1
430 3 1 1.37156 4.88081 1.37156 4.88255 -1 -1
431 3 2 0.674036 0.810086 1.46001 0.788805 -1 -1
432 4 2 0.0675408 3.68168 1.26833 3.46604 -1 -1
433 4 2 0.185147 3.17473 1.22273 3.24556 -1 -1
434 4 4 0.804713 1.95643 1.26375 1.92668 -1 -1
435 4 2 0.837759 1.92344 1.29046 1.84185 -1 -1
436 4 2 0.207892 1.48794 1.34853 1.69902 -1 -1
437 3 3 0.282561 4.33871 0.562682 4.35992 -1 -1
438 3 1 1.1801 4.46424 1.1801 4.46694 -1 -1
439 4 2 2.77556e-17 3.88044 0.968745 4.08299 -1 -1
440 4 1 0.0489799 3.59216 0.0489799 3.59393 -1 -1
441 4 3 0.172696 3.08241 0.91796 2.86337 -1 -1
442 4 4 0.0950924 4.74272 0.721544 4.53888 -1 -1
443 4 2 0.21921 3.51541 1.01262 3.44802 -1 -1
444 4 1 1.14154 3.16235 1.14154 3.1634 -1 -1
445 4 1 1.01421 3.39418 1.01421 3.39418 -1 -1
446 4 2 0.630432 4.95887 1.14718 4.80006 -1 -1
447 4 4 0.190366 3.43158 0.50991 3.44866 -1 -1
448 4 4 0.137853 4.22121 0.540255 4.34152 -1 -1
449 3 1 0.152677 4.033 0.152677 4.03363 -1 -1
450 3 2 1.31586 2.6376 1.43576 2.64246 -1 -1
451 4 4 0.233361 0.241314 0.39904 0.281115 -1 -1
452 4 4 0.39558 3.45736 0.574992 3.44282 -1 -1
453 4 3 0.0199755 1.11517 0.764601 1.07825 -1 -1
454 4 1 1.04498 2.30454 1.04498 2.30541 -1 -1
455 4 4 0.381323 0.794593 0.761621 0.918583 -1 -1
456 4 2 0.369072 3.56761 0.668419 3.5874 -1 -1
457 4 1 0.77722 4.51734 0.77722 4.51733 -1 -1
458 4 1 0.5281 2.40731 0.5281 2.40337 -1 -1
459 3 2 0.0829202 4.79093 1.28267 4.76667 -1 -1
460 4 3 0.288503 4.1683 0.800688 3.99723 -1 -1
461 3 2 0.151023 1.52585 0.54636 1.58674 -1 -1
462 4 4 0.553912 3.94533 1.499 3.80483 -1 -1
463 4 2 0.249763 3.55378 0.626699 3.68765 -1 -1
464 4 3 1.29691 4.73753 1.43291 4.77078 -1 -1
465 4 5 0.779014 5 1.02872 4.9094 -1 -1
466 3 2 0.80884 3.07321 1.42216 2.92756 -1 -1
467 4 4 0.0993458 4.96488 0.259292 4.96072 -1 -1
468 4 1 0.0564473 3.16958 0.0564473 3.17006 -1 -1
469 4 1 0.919369 1.65817 0.919369 1.65781 -1 -1
470 4 3 0.318547 3.09441 0.584104 3.06902 -1 -1
471 4 6 0 3.74457 0.480317 3.64546 -1 -1
472 3 3 0.686555 1.91047 1.08292 1.95742 -1 -1
473 4 1 1.21297 2.13896 1.21297 2.13896 -1 -1
474 4 1 0.532694 3.13357 0.532694 3.13357 -1 -1
475 4 1 0.572769 1.28474 0.572769 1.28474 -1 -1
476 4 2 0.701039 4.20287 1.25223 4.30183 -1 -1
477 3 4 0.0262417 3.45489 1.34051 3.55995 -1 -1
478 4 4 0.867267 2.12543 0.987149 2.13075 -1 -1
479 4 2 0.0770811 0.896694 0.487085 0.782797 -1 -1
480 4 2 0.284056 3.8374 1.28476 3.63993 -1 -1
481 4 4 1.02615 1.952 1.08264 1.9722 -1 -1
482 3 4 0.0362815 0.505968 1.22822 0.245796 -1 -1
483 4 4 0.370432 1.51575 0.586283 1.55827 -1 -1
484 4 4 0.514554 0.485307 0.851624 0.440765 -1 -1
485 4 3 0.0596058 4.31551 1.45575 4.47635 -1 -1
486 4 4 0.359741 0.477825 1.08693 0.340739 -1 -1
487 4 1 1.06559 1.5207 1.06559 1.5207 -1 -1
488 4 3 0.0389233 0.507948 0.437367 0.413585 -1 -1
489 3 2 0.0113889 0.28271 1.38145 0.0681247 -1 -1
490 4 4 0.236181 3.56361 0.734754 3.60136 -1 -1
491 3 7 0 0.77654 1.5 0.950758 -1 -1
492 4 1 0.168189 0.115524 0.168189 0.114087 -1 -1
493 4 1 1.28969 3.54794 1.28969 3.54794 -1 -1
494 3 2 0.180987 4.74115 1.49943 4.67709 -1 -1
495 3 4 0.290395 2.7052 1.4411 2.92878 -1 -1
496 3 2 1.16541 4.16688 1.43749 4.23299 -1 -1
497 4 3 0.0798954 2.60556 1.29431 2.5434 -1 -1
498 4 4 1.23534 2.88418 1.47525 2.87749 -1 -1
499 4 4 0.539062 1.27105 1.499 1.21439 -1 -1
