#index type state x1 y1 x2 y2 bleached_x1 bleached_x2 
#t=8
0 4 1 0.567017 3.88273 0.567017 3.88376 -1 -1
1 4 4 0.596176 0.847172 1.42659 0.720602 -1 -1
2 4 4 0.196766 2.12491 0.531361 2.064 -1 -1
3 4 2 1.15091 0.613803 1.19034 0.620567 -1 -1
4 3 2 0.819559 4.24481 0.939543 4.24288 -1 -1
5 4 1 1.04921 3.48682 1.04921 3.48682 -1 -1
6 4 4 0.204674 0.406323 1.07084 0.650781 -1 -1
7 4 4 0.143439 0.101094 0.663352 0.110621 -1 -1
8 3 4 0.883194 3.1351 0.981596 3.1173 -1 -1
9 3 2 0.477449 1.48728 0.921951 1.60568 -1 -1
10 4 1 1.07129 1.09475 1.07129 1.09723 -1 -1
11 3 4 0.185043 3.5392 1.00106 3.61988 -1 -1
12 3 2 0.302755 1.52648 1.2115 1.21699 -1 -1
13 4 6 0 2.72969 1.31688 3.06793 -1 -1
14 4 4 0.217385 1.12626 1.499 1.30725 -1 -1
15 4 3 0.0586499 1.28967 1.499 1.6005 -1 -1
16 4 1 1.02489 0.73291 1.02489 0.73291 -1 -1
17 4 1 0.353045 3.60575 0.353045 3.60575 -1 -1
18 4 2 0.675981 1.25602 1.44276 1.39902 -1 -1
19 3 2 0.152531 0.251343 0.303714 0.198964 -1 -1
20 4 4 0.369666 0.560576 0.549011 0.545231 -1 -1
21 4 4 0.201512 2.81537 0.379593 2.84159 -1 -1
22 4 3 0.057376 1.75505 0.103099 1.76903 -1 -1
23 4 4 0.186411 3.99206 0.497424 4.06737 -1 -1
24 4 2 0.958459 0.792384 1.21271 0.846776 -1 -1
25 3 4 0.193392 3.71468 0.505112 3.6442 -1 -1
26 4 1 0.950488 2.38351 0.950488 2.38351 -1 -1
27 4 1 0.273232 3.38728 0.273232 3.38339 -1 -1
28 3 2 0.740222 3.57912 1.02705 3.4912 -1 -1
29 4 4 1.03314 0.341317 1.499 0.395085 -1 -1
30 4 2 0.499983 1.7606 1.40979 1.75301 -1 -1
31 4 1 1.26269 0.225257 1.26269 0.225257 -1 -1
32 4 2 0.23988 3.55416 1.44977 3.51589 -1 -1
33 3 3 0.10554 1.27351 0.583688 1.31563 -1 -1
34 4 4 0.305061 0.76346 1.45503 0.399197 -1 -1
35 4 3 0.150914 0.16524 1.2091 0.53792 -1 -1
36 4 2 0.435462 0.337568 0.515439 0.335669 -1 -1
37 4 2 0.896408 1.96736 1.29425 1.83273 -1 -1
38 4 1 1.31866 4.34341 1.31866 4.34341 -1 -1
39 3 3 0.268336 2.50693 0.368335 2.5074 -1 -1
40 4 1 0.455877 2.50072 0.455877 2.5025 -1 -1
41 4 4 0.0984824 4.49327 0.252628 4.45038 -1 -1
42 4 4 0.593172 1.72843 0.71154 1.7087 -1 -1
43 4 4 0.280312 3.68668 0.319141 3.67707 -1 -1
44 4 4 0.292267 2.35152 1.499 2.06194 -1 -1
45 3 1 0.494612 3.99817 0.494612 4.00103 -1 -1
46 3 4 0.102349 2.14692 1.2792 2.3815 -1 -1
47 4 2 0.642827 3.95463 1.44859 3.80248 -1 -1
48 4 2 0.126889 2.43279 0.379525 2.37135 -1 -1
49 4 1 0.877779 0.87851 0.877779 0.87851 -1 -1
50 3 2 0.143265 4.05574 1.00927 3.88659 -1 -1
51 4 1 0.0910961 0.816236 0.0910961 0.81485 -1 -1
52 4 6 0 1.82945 0.554755 1.74383 -1 -1
53 4 3 0.116828 3.00135 0.53669 2.90284 -1 -1
54 4 1 0.571226 3.39601 0.571226 3.39659 -1 -1
55 4 2 0.29084 0.213503 1.20127 0.345876 -1 -1
56 4 3 0.56169 1.82982 0.918337 1.78079 -1 -1
57 3 2 0.969494 1.62164 1.10826 1.6402 -1 -1
58 3 2 0.683196 0.282061 0.991398 0.195972 -1 -1
59 4 1 0.471836 0.20678 0.471836 0.20678 -1 -1
60 4 2 0.998767 1.12075 1.39982 1.24548 -1 -1
61 4 3 0.276921 0.557548 0.884243 0.466724 -1 -1
62 4 4 0.0937092 3.84691 0.211605 3.86928 -1 -1
63 4 4 0.486881 1.32723 1.17483 1.1979 -1 -1
64 4 4 0.336484 1.2773 0.914429 1.22852 -1 -1
65 4 3 0.0198894 3.95129 0.539431 3.89642 -1 -1
66 4 1 1.11817 3.40998 1.11817 3.40789 -1 -1
67 4 2 0.247295 3.5678 1.36083 3.9293 -1 -1
68 3 2 0.059625 1.81381 1.18277 1.66505 -1 -1
69 4 1 1.45591 0.327609 1.45591 0.327609 -1 -1
70 4 2 0.104257 4.37317 0.511163 4.26911 -1 -1
71 4 3 0.683278 2.66037 1.46838 2.48562 -1 -1
72 3 4 0.0180902 4.20239 0.274968 4.16222 -1 -1
73 4 3 0.274056 3.21663 0.889753 3.34555 -1 -1
74 4 3 0.319418 3.87784 0.857351 3.84536 -1 -1
75 3 2 0.054283 3.94419 0.499792 3.82964 -1 -1
76 4 2 1.08836 4.63645 1.18835 4.63801 -1 -1
77 4 4 1.11801 1.43102 1.25205 1.3906 -1 -1
78 4 2 0.945689 4.64481 1.32206 4.69718 -1 -1
79 4 3 0.932652 4.35315 1.00145 4.36994 -1 -1
80 4 2 1.02523 4.64859 1.29847 4.58742 -1 -1
81 4 4 0.526587 1.01177 0.744731 0.983247 -1 -1
82 3 4 1.13413 2.36659 1.36977 2.32106 -1 -1
83 3 2 0.0107593 4.46548 1.36663 4.03254 -1 -1
84 4 1 0.117435 2.55802 0.117435 2.55796 -1 -1
85 4 1 0.380871 3.5918 0.380871 3.5918 -1 -1
86 4 4 0.21272 1.81518 1.29024 2.09947 -1 -1
87 4 1 0.813113 2.69243 0.813113 2.69243 -1 -1
88 4 2 0.0599958 3.55061 1.13118 3.5379 -1 -1
89 4 1 0.250233 1.32027 0.250233 1.31968 -1 -1
90 3 2 1.31751 4.84842 1.3975 4.84892 -1 -1
91 4 1 0.257217 4.14216 0.257217 4.14577 -1 -1
92 4 1 0.509108 4.72582 0.509108 4.72582 -1 -1
93 4 2 0.63977 3.20141 1.30444 3.18357 -1 -1
94 4 4 0.512001 1.82336 1.499 2.15421 -1 -1
95 4 3 0.859321 4.37822 1.33462 4.35933 -1 -1
96 4 1 1.0557 2.38824 1.0557 2.38837 -1 -1
97 4 3 0.234975 3.73569 0.56885 3.80511 -1 -1
98 4 2 0.33558 2.54559 1.49273 2.62682 -1 -1
99 4 4 0.679757 4.31803 1.34118 4.30033 -1 -1
100 4 1 0.863221 0.211548 0.863221 0.211548 -1 -1
101 4 1 1.0204 3.22202 1.0204 3.22043 -1 -1
102 3 3 0.0197953 2.68151 0.888471 2.82659 -1 -1
103 4 4 0.0498742 4.44378 0.421077 4.36249 -1 -1
104 4 1 1.04065 4.67973 1.04065 4.67973 -1 -1
105 4 1 1.1884 4.41189 1.1884 4.41189 -1 -1
106 4 3 0.427362 2.74476 0.552755 2.71404 -1 -1
107 4 2 0.0296213 2.35577 0.105954 2.33183 -1 -1
108 4 2 0.084159 2.06438 0.281863 2.09459 -1 -1
109 4 1 0.810833 0.498386 0.810833 0.498411 -1 -1
110 4 2 0.152802 0.243131 0.616002 0.0992942 -1 -1
111 4 4 0.0633853 2.08196 1.29426 2.35131 -1 -1
112 3 4 0.560804 0.959859 0.617645 0.979071 -1 -1
113 4 1 0.756821 0.279202 0.756821 0.279202 -1 -1
114 4 1 0.191919 2.16525 0.191919 2.16451 -1 -1
115 4 2 1.10797 1.65981 1.28796 1.6591 -1 -1
116 4 4 0.305182 2.6554 0.500862 2.61406 -1 -1
117 4 1 1.33146 4.24347 1.33146 4.24347 -1 -1
118 3 2 0.00537278 1.91734 1.10501 1.74169 -1 -1
119 4 2 0.76099 2.12882 0.880041 2.11376 -1 -1
120 4 4 0.70382 0.0101742 1.32211 0.0561642 -1 -1
121 3 3 0.479641 3.69161 0.877324 3.7346 -1 -1
122 4 3 0.0778429 1.07137 0.242847 1.11048 -1 -1
123 4 4 0.85632 2.13633 1.48219 2.00259 -1 -1
124 4 2 1.14654 1.0089 1.38478 1.03792 -1 -1
125 4 2 0.637107 1.68071 1.1404 1.54994 -1 -1
126 4 3 0.950421 3.85026 1.14757 3.81661 -1 -1
127 3 4 0.162523 2.91149 0.426853 2.81675 -1 -1
128 4 4 1.35103 2.84572 1.44821 2.82214 -1 -1
129 4 3 0.757515 4.71949 1.01274 4.6988 -1 -1
130 3 4 0.812719 4.23079 0.850374 4.24428 -1 -1
131 4 1 1.32914 1.85382 1.32914 1.85382 -1 -1
132 3 2 0.77385 1.52873 1.18027 1.63468 -1 -1
133 4 2 0.0978202 3.28459 0.537819 3.28541 -1 -1
134 4 2 0.562644 1.44912 0.799594 1.41098 -1 -1
135 3 4 0.796276 3.42093 0.986635 3.48228 -1 -1
136 4 4 0.39436 2.1612 1.32176 2.0078 -1 -1
137 4 4 0.193978 3.8903 0.93384 3.90461 -1 -1
138 4 4 1.05123 4.76089 1.24181 4.70026 -1 -1
139 3 3 0.189453 3.05994 0.288398 3.07443 -1 -1
140 3 4 0.916016 0.518792 1.49286 0.57919 -1 -1
141 4 3 0.0191885 2.34014 0.978436 2.05823 -1 -1
142 3 1 0.768442 4.24903 0.768442 4.24903 -1 -1
143 4 3 0.338635 2.79638 0.51295 2.78071 -1 -1
144 3 2 0.953323 2.81654 1.48031 2.72229 -1 -1
145 3 3 0.583034 4.26977 1.31044 4.02506 -1 -1
146 3 3 0.738283 4.7674 0.758044 4.77048 -1 -1
147 3 3 0.132756 1.93741 0.851021 2.07034 -1 -1
148 4 2 0.96097 2.54924 1.23464 2.60845 -1 -1
149 3 4 0.14318 0.344793 1.42244 0.668413 -1 -1
150 4 6 0 3.74283 0.163901 3.79008 -1 -1
151 4 1 0.836639 3.55637 0.836639 3.55847 -1 -1
152 4 4 1.08062 4.25976 1.11972 4.26819 -1 -1
153 4 1 0.495371 4.34906 0.495371 4.34611 -1 -1
154 4 2 0.17022 2.69891 0.725468 2.50801 -1 -1
155 4 3 0.0599602 1.17242 0.821903 1.14466 -1 -1
156 4 3 0.539891 3.37783 1.09412 3.38895 -1 -1
157 3 2 0.490363 1.44036 1.38036 1.37132 -1 -1
158 4 1 1.25153 3.61912 1.25153 3.61912 -1 -1
159 4 1 0.70574 3.14017 0.70574 3.1367 -1 -1
160 4 1 1.28561 1.91214 1.28561 1.91125 -1 -1
161 3 2 1.0209 4.52832 1.06023 4.521 -1 -1
162 3 4 0.155739 3.27139 1.4803 3.06857 -1 -1
163 3 2 0.61551 3.74007 0.874906 3.72235 -1 -1
164 4 3 0.77181 0.540722 0.813535 0.534627 -1 -1
165 4 2 0.145374 3.65295 1.44531 3.64032 -1 -1
166 3 1 1.09048 4.08359 1.09048 4.08269 -1 -1
167 4 1 1.29017 1.68538 1.29017 1.68538 -1 -1
168 3 2 0.376358 2.99067 1.13484 3.03872 -1 -1
169 4 1 1.00836 4.82821 1.00836 4.82884 -1 -1
170 4 6 0 0.288785 0.39408 0.304004 -1 -1
171 4 4 0.525752 2.82868 0.68541 2.81822 -1 -1
172 4 1 0.45693 0.191487 0.45693 0.188713 -1 -1
173 4 4 1.06741 4.82719 1.10639 4.81819 -1 -1
174 3 2 0.721321 2.34845 1.35635 2.2688 -1 -1
175 4 4 1.18874 0 1.32299 0.0283359 -1 -1
176 3 4 0.142861 1.26323 1.07298 1.49429 -1 -1
177 4 4 0.536104 3.46136 1.09302 3.40272 -1 -1
178 3 2 0.833031 4.76252 1.43602 4.90675 -1 -1
179 4 3 1.11901 0.392147 1.26506 0.363722 -1 -1
180 4 5 0.534035 5 0.929638 4.95438 -1 -1
181 4 6 0 1.9821 0.872852 1.93755 -1 -1
182 4 2 0.472776 1.20309 1.33252 1.39082 -1 -1
183 4 4 0.822869 4.41765 1.3611 4.46136 -1 -1
184 4 3 0.67852 1.59131 0.926024 1.67916 -1 -1
185 3 2 1.15098 4.59836 1.42014 4.52123 -1 -1
186 3 2 0.200666 3.15162 0.499946 3.13084 -1 -1
187 4 2 0.365828 4.69244 0.854832 4.58816 -1 -1
188 4 3 0.0594861 3.44224 1.09966 3.30522 -1 -1
189 4 4 0.178251 3.78199 0.516626 3.81519 -1 -1
190 4 2 0.0738217 4.94518 1.46315 4.77263 -1 -1
191 4 5 0.00912171 5 1.28234 4.75145 -1 -1
192 3 3 0.0673432 0.435124 0.805703 0.686569 -1 -1
193 4 1 1.19109 3.67719 1.19109 3.68121 -1 -1
194 3 1 1.35354 1.92125 1.35354 1.91953 -1 -1
195 4 4 0.367501 2.04118 0.426054 2.02808 -1 -1
196 4 4 0.139849 4.08959 0.964847 4.05122 -1 -1
197 3 2 0.800506 2.50078 1.18204 2.38065 -1 -1
198 4 4 1.02602 3.43563 1.4312 3.54622 -1 -1
199 3 1 1.23289 1.9176 1.23289 1.91882 -1 -1
200 4 4 0.238049 3.1516 1.47827 2.99247 -1 -1
201 3 2 0.023006 3.15864 0.601782 3.1963 -1 -1
202 4 3 1.16915 4.87163 1.30213 4.82786 -1 -1
203 4 3 0.798827 1.15191 0.940181 1.14425 -1 -1
204 3 2 0.471865 3.82671 0.705387 3.77132 -1 -1
205 4 3 0.05956 3.92212 1.499 3.74684 -1 -1
206 4 3 0.058954 2.48274 1.30654 2.24669 -1 -1
207 4 1 0.247478 2.37861 0.247478 2.37861 -1 -1
208 4 1 1.21016 4.9011 1.21016 4.90575 -1 -1
209 4 3 0.299099 3.12071 0.710133 3.15264 -1 -1
210 3 7 0.518745 1.80816 1.5 1.76552 -1 -1
211 4 4 0.319945 0.181449 1.32097 0.16293 -1 -1
212 4 4 0.0592183 1.16418 1.21601 0.975598 -1 -1
213 3 4 0.0222882 2.84917 1.2739 2.9943 -1 -1
214 4 3 0.677812 2.54044 1.28845 2.64778 -1 -1
215 3 4 0.641759 1.50493 1.42059 1.24837 -1 -1
216 3 4 0.282014 2.21004 0.441886 2.20366 -1 -1
217 4 1 0.496489 0.650315 0.496489 0.650315 -1 -1
218 3 4 0.97599 3.56327 1.32593 3.47878 -1 -1
219 3 4 0.443957 1.21093 0.576289 1.25663 -1 -1
220 4 3 0.251155 1.50885 0.426037 1.55567 -1 -1
221 4 2 1.12315 2.55287 1.41981 2.50822 -1 -1
222 3 2 0.769051 1.42726 1.00289 1.48128 -1 -1
223 4 2 0.707877 2.32859 1.30317 2.50995 -1 -1
224 4 3 0.383293 3.93301 0.532448 3.88849 -1 -1
225 4 3 0.155741 3.96042 0.88702 4.1326 -1 -1
226 4 2 0.07455 2.83449 0.815776 3.00237 -1 -1
227 3 3 0.147251 4.13297 0.433767 4.04084 -1 -1
228 3 2 0.544626 1.01493 0.601738 1.03332 -1 -1
229 3 4 0.283221 1.35983 0.522414 1.34016 -1 -1
230 3 1 0.17392 4.93728 0.17392 4.93728 -1 -1
231 3 4 0.734139 0.78281 0.86947 0.746956 -1 -1
232 4 3 0.2597 2.42189 0.918421 2.45359 -1 -1
233 4 2 0.778193 3.89591 1.37439 3.96333 -1 -1
234 3 2 0.455409 1.41305 0.613752 1.43602 -1 -1
235 4 1 0.0623261 2.6665 0.0623261 2.66345 -1 -1
236 3 2 1.14612 4.15592 1.37648 4.08859 -1 -1
237 3 3 0.405445 0.481561 1.10256 0.661647 -1 -1
238 3 2 0.137081 4.69439 0.475556 4.66222 -1 -1
239 4 3 0.801346 2.17235 1.12168 2.0584 -1 -1
240 4 1 0.329765 2.77243 0.329765 2.7686 -1 -1
241 4 4 0.999187 1.87297 1.26933 1.9466 -1 -1
242 4 1 0.830982 2.41858 0.830982 2.41818 -1 -1
243 4 2 0.907224 2.978 1.34041 3.05512 -1 -1
244 4 6 0 1.63811 0.388092 1.6326 -1 -1
245 4 3 0.183062 1.17754 0.862005 1.13965 -1 -1
246 4 2 1.28411 2.08244 1.46185 2.05399 -1 -1
247 4 1 0.929285 1.44735 0.929285 1.44806 -1 -1
248 4 4 0.309286 0.90449 0.428066 0.887426 -1 -1
249 3 1 0.017816 2.76097 0.017816 2.75614 -1 -1
250 4 3 0.21829 1.836 0.456888 1.86191 -1 -1
251 4 4 0.307927 4.94208 0.72991 4.81746 -1 -1
252 3 3 0.292768 2.32705 0.91543 2.18305 -1 -1
253 4 3 0.828108 0.594789 1.17098 0.48507 -1 -1
254 4 3 0.13806 0.430681 0.614138 0.3506 -1 -1
255 4 4 0.42413 4.17886 0.636364 4.12093 -1 -1
256 3 3 1.14025 0.800706 1.15861 0.806851 -1 -1
257 4 1 0.755212 3.61386 0.755212 3.61466 -1 -1
258 4 2 0.239786 4.35254 0.637884 4.3915 -1 -1
259 4 3 0.582314 0.0171261 0.838054 0.093292 -1 -1
260 4 2 0.977379 1.54221 1.24506 1.48428 -1 -1
261 4 1 0.912307 0.0536812 0.912307 0.0561246 -1 -1
262 4 2 1.10934 1.44035 1.46824 1.4122 -1 -1
263 4 2 0.0692095 2.2652 0.189209 2.26569 -1 -1
264 4 3 0.0399059 0.957446 1.1984 0.87786 -1 -1
265 4 3 0.819996 1.73431 1.32706 1.73595 -1 -1
266 4 3 0.829384 0.593019 1.47457 0.821839 -1 -1
267 4 1 0.105017 2.50559 0.105017 2.50287 -1 -1
268 4 3 0.177711 4.93352 0.394316 4.89864 -1 -1
269 4 2 0.102897 0.381825 0.764876 0.154264 -1 -1
270 3 4 0.365611 1.70079 0.751219 1.80712 -1 -1
271 4 2 0.694712 1.19335 0.773189 1.17782 -1 -1
272 3 3 0.324666 1.45089 1.18527 1.2928 -1 -1
273 3 2 0.665027 1.4529 1.11322 1.34935 -1 -1
274 3 3 0.499416 4.4753 1.18314 4.37877 -1 -1
275 4 3 0.13899 4.41662 0.476116 4.3759 -1 -1
276 4 1 0.0830314 4.74016 0.0830314 4.74016 -1 -1
277 4 4 0.791091 0.712079 1.20954 0.676056 -1 -1
278 4 4 0.648205 4.0742 1.40136 3.97245 -1 -1
279 4 3 0.894519 2.92468 1.0432 2.87667 -1 -1
280 4 1 0.996729 3.51444 0.996729 3.51444 -1 -1
281 4 4 1.03789 1.424 1.15576 1.44652 -1 -1
282 4 3 1.41758 3.46901 1.46802 3.46606 -1 -1
283 4 3 0.578765 3.12635 0.678547 3.13287 -1 -1
284 3 2 0.0205754 0.413281 0.873145 0.300474 -1 -1
285 4 3 0.636473 1.03816 0.765239 1.05174 -1 -1
286 4 3 0.547663 3.6629 0.880597 3.73397 -1 -1
287 4 3 0.439286 0.237069 0.67899 0.225154 -1 -1
288 4 4 0.451421 3.14065 1.499 3.42793 -1 -1
289 4 4 0.300955 3.88195 0.333666 3.87013 -1 -1
290 3 1 0.0920184 3.51446 0.0920184 3.51446 -1 -1
291 4 2 0.0898424 4.75395 0.249453 4.7428 -1 -1
292 4 3 0.0588936 3.10268 0.296257 3.14891 -1 -1
293 4 1 0.930943 0.870517 0.930943 0.875843 -1 -1
294 3 4 0.444696 0.770252 0.805882 0.817372 -1 -1
295 4 3 0.179773 1.89631 0.976063 1.93632 -1 -1
296 4 2 0.646753 0.968506 1.27523 0.764413 -1 -1
297 4 1 0.849006 3.75823 0.849006 3.75823 -1 -1
298 4 1 1.09922 2.00953 1.09922 2.00953 -1 -1
299 4 5 0.789178 5 1.16547 4.94225 -1 -1
300 4 3 0.984529 2.13251 1.3218 2.0895 -1 -1
301 3 4 0.223129 1.93243 0.452417 2.00333 -1 -1
302 4 4 0.564545 1.18745 0.681067 1.21613 -1 -1
303 4 3 0.495913 4.37142 0.721124 4.44246 -1 -1
304 4 1 0.0657823 0.807071 0.0657823 0.803792 -1 -1
305 4 2 0.628751 3.99443 1.00837 3.97741 -1 -1
306 4 4 0.300253 0.996408 0.639294 0.970891 -1 -1
307 4 2 0.272976 2.99408 0.827037 3.16559 -1 -1
308 4 1 1.21569 1.36 1.21569 1.36 -1 -1
309 4 4 0.906496 4.97493 1.42518 4.938 -1 -1
310 4 3 0.26448 3.20104 0.821004 3.13873 -1 -1
311 4 4 0.209504 0.42375 0.49143 0.526304 -1 -1
312 4 3 0.323833 1.26674 1.00337 1.48413 -1 -1
313 4 4 0.438045 1.85403 0.53804 1.85502 -1 -1
314 4 2 0.430696 2.77105 0.549874 2.75702 -1 -1
315 4 4 0.0305788 3.30372 0.656419 3.4376 -1 -1
316 3 3 0.184773 2.84796 0.900982 2.80692 -1 -1
317 4 1 1.35346 4.78187 1.35346 4.78187 -1 -1
318 4 3 0.792928 2.22223 0.956884 2.27956 -1 -1
319 3 2 0.565839 4.21784 1.00144 4.07002 -1 -1
320 4 2 0.598845 1.88432 1.0438 2.00099 -1 -1
321 4 6 0 3.23776 0.243159 3.30308 -1 -1
322 3 2 0.661879 0.0958549 1.04572 0.226839 -1 -1
323 3 1 0.384257 0.850449 0.384257 0.848592 -1 -1
324 3 2 0.138957 1.302 0.218826 1.30657 -1 -1
325 4 3 0.567659 4.65406 1.39352 4.93678 -1 -1
326 4 2 0.738728 1.80363 1.47366 1.84678 -1 -1
327 4 1 0.703749 3.83265 0.703749 3.83151 -1 -1
328 4 4 0.415344 4.34335 1.3646 4.01146 -1 -1
329 4 4 0.495233 1.42742 0.973587 1.46713 -1 -1
330 4 3 0.524208 4.06825 0.809495 3.9977 -1 -1
331 4 1 1.33794 2.63087 1.33794 2.63087 -1 -1
332 4 1 0.149231 2.10256 0.149231 2.10367 -1 -1
333 4 2 0.153265 1.60645 0.531856 1.57376 -1 -1
334 4 3 0.116608 3.92687 0.327637 3.8756 -1 -1
335 4 1 1.1168 0.672645 1.1168 0.672645 -1 -1
336 3 1 0.429523 0.347348 0.429523 0.347651 -1 -1
337 3 2 0.446158 4.78783 0.872516 4.89654 -1 -1
338 4 1 1.45853 2.43308 1.45853 2.43308 -1 -1
339 4 2 0.390348 0.438132 0.72694 0.390107 -1 -1
340 3 2 1.05631 4.18851 1.11631 4.18876 -1 -1
341 4 4 0.667232 3.62544 1.17288 3.50409 -1 -1
342 4 4 0.419941 2.34301 0.775961 2.33706 -1 -1
343 4 1 0.361923 0.176432 0.361923 0.178023 -1 -1
344 4 2 0.247941 0.410458 0.323163 0.383227 -1 -1
345 4 2 0.569328 1.96292 0.749256 1.968 -1 -1
346 4 1 1.35387 2.64023 1.35387 2.64023 -1 -1
347 4 1 0.358645 4.99619 0.358645 4.99619 -1 -1
348 4 1 0.260507 2.7874 0.260507 2.78745 -1 -1
349 4 3 0.0752091 3.56214 0.847655 3.28208 -1 -1
350 4 2 0.387866 4.05345 0.706937 4.07782 -1 -1
351 3 4 0.316305 1.54103 1.48008 1.64764 -1 -1
352 4 3 0.753784 2.09001 1.10961 2.1358 -1 -1
353 3 2 0.941778 3.20417 1.12136 3.21637 -1 -1
354 4 3 0.136966 4.1907 1.49164 4.47741 -1 -1
355 4 1 0.462043 4.45031 0.462043 4.44863 -1 -1
356 3 4 1.38613 1.17427 1.44582 1.16814 -1 -1
357 4 1 1.22644 4.08557 1.22644 4.08971 -1 -1
358 4 4 0.743312 4.32595 0.882159 4.34388 -1 -1
359 4 2 0.958819 1.61005 1.20988 1.54246 -1 -1
360 4 1 1.22359 2.64196 1.22359 2.64196 -1 -1
361 4 1 0.437507 2.69338 0.437507 2.69611 -1 -1
362 4 3 1.01391 3.48569 1.3339 3.48711 -1 -1
363 3 2 0.382191 3.1474 1.49143 3.41046 -1 -1
364 3 4 0.0245011 0.967287 0.737655 1.1648 -1 -1
365 4 2 0.664136 0.0198488 1.26413 0.0223888 -1 -1
366 4 2 0.205662 2.55193 0.525106 2.57079 -1 -1
367 4 1 1.01248 2.45587 1.01248 2.45587 -1 -1
368 3 3 0.952813 1.60524 1.202 1.57634 -1 -1
369 4 4 0.0577555 0.217669 0.459293 0.104642 -1 -1
370 4 2 0.599267 1.63946 1.44912 1.50775 -1 -1
371 4 1 1.46185 4.70197 1.46185 4.70197 -1 -1
372 3 4 0.183903 1.31757 1.14347 1.2888 -1 -1
373 3 4 0.0166564 4.42058 0.493046 4.47934 -1 -1
374 4 2 0.629825 0.531663 1.47897 0.684912 -1 -1
375 4 2 0.0404268 2.73883 0.172908 2.69357 -1 -1
376 3 4 0.817401 0.124106 1.03353 0.16521 -1 -1
377 3 4 0.625616 2.0073 0.78543 2.01501 -1 -1
378 3 1 1.01833 0.220966 1.01833 0.219434 -1 -1
379 4 4 0.893344 2.41538 1.39741 2.28766 -1 -1
380 4 2 1.10902 0.755463 1.28896 0.750939 -1 -1
381 3 2 0.0312099 3.27494 1.48437 3.41612 -1 -1
382 4 3 1.24893 3.95442 1.48694 3.92357 -1 -1
383 4 4 0.645876 2.14971 1.28308 2.32166 -1 -1
384 4 2 0.877213 1.94208 1.49345 1.80071 -1 -1
385 4 1 1.37061 0.447098 1.37061 0.447098 -1 -1
386 3 2 0.981822 2.75319 1.47264 2.92494 -1 -1
387 4 2 0.462171 3.88261 0.922902 3.75341 -1 -1
388 4 2 0.813311 0.485368 0.873273 0.483233 -1 -1
389 4 3 0.970022 4.39179 1.3299 4.3825 -1 -1
390 4 2 0.809593 0.914991 1.12971 0.800427 -1 -1
391 4 3 0.629192 0.0485397 0.805147 0.0105929 -1 -1
392 4 2 0.00267959 1.82007 1.12377 1.61331 -1 -1
393 3 4 0.454319 4.31286 0.972416 4.16063 -1 -1
394 4 2 0.761905 3.02319 1.01278 2.96819 -1 -1
395 4 2 0.136997 1.04574 1.1461 1.25819 -1 -1
396 3 1 0.390111 1.83036 0.390111 1.83036 -1 -1
397 4 6 0 3.10175 0.432266 3.24867 -1 -1
398 4 3 0.552398 0.962438 1.08371 1.0589 -1 -1
399 4 3 0.859911 0.576771 0.875975 0.576539 -1 -1
400 4 3 0.258279 2.55571 0.639325 2.51165 -1 -1
401 3 2 0.416423 2.44322 1.44873 2.31697 -1 -1
402 3 1 0.169611 3.04313 0.169611 3.0471 -1 -1
403 3 4 0.407475 2.71471 1.44102 2.59902 -1 -1
404 4 2 0.199526 4.55491 1.47191 4.64264 -1 -1
405 4 1 1.13312 4.87415 1.13312 4.87513 -1 -1
406 3 5 0.113655 0.238863 1.1122 0 -1 -1
407 3 4 0.112637 3.81815 0.441227 3.73081 -1 -1
408 3 4 0.0557732 0.714163 1.34209 0.504001 -1 -1
409 4 2 0.686217 4.631 1.32774 4.8565 -1 -1
410 4 2 0.0576514 1.82186 0.197009 1.83526 -1 -1
411 4 4 0.628199 0.878013 1.0558 0.981722 -1 -1
412 4 3 0.255917 2.71577 0.726133 2.63144 -1 -1
413 3 3 0.198237 3.04354 0.395872 3.07421 -1 -1
414 4 6 0 1.24134 0.62112 1.02148 -1 -1
415 4 4 1.26497 0.233512 1.41554 0.197833 -1 -1
416 4 2 0.680018 3.3222 1.02518 3.44229 -1 -1
417 3 4 0.0547243 3.79183 0.630528 3.94574 -1 -1
418 4 1 0.662788 2.26657 0.662788 2.26696 -1 -1
419 4 1 0.354907 2.53052 0.354907 2.53052 -1 -1
420 3 2 0.493192 4.59279 1.03248 4.44189 -1 -1
421 4 2 0.768831 1.80601 1.11212 1.9144 -1 -1
422 3 1 1.41284 1.60944 1.41284 1.60717 -1 -1
423 3 1 1.33295 4.27375 1.33295 4.27567 -1 -1
424 4 4 0.0195252 1.40208 0.713783 1.55611 -1 -1
425 4 4 1.19289 3.24717 1.29282 3.24368 -1 -1
426 4 5 0.384692 0 1.1215 0.219854 -1 -1
427 3 2 0.628965 3.24803 1.45064 3.50188 -1 -1
428 4 4 0.224833 3.41353 0.928137 3.18339 -1 -1
429 4 2 6.93889e-18 2.97075 1.03953 3.30943 -1 -1
430 3 1 1.37156 4.88081 1.37156 4.88255 -1 -1
431 3 3 0.674036 0.810086 1.40004 0.790429 -1 -1
432 4 2 0.441558 3.61451 1.26833 3.46604 -1 -1
433 4 2 0.743847 3.21287 1.22273 3.24556 -1 -1
434 4 4 0.804713 1.95643 1.26375 1.92668 -1 -1
435 4 1 0.914431 2.96068 0.914431 2.96068 -1 -1
436 4 2 0.561882 1.55345 1.34853 1.69902 -1 -1
437 3 3 0.282561 4.33871 1.00143 4.39313 -1 -1
438 3 1 1.1801 4.46424 1.1801 4.46694 -1 -1
439 4 2 0.411111 3.9664 0.968745 4.08299 -1 -1
440 4 1 0.0489799 3.59216 0.0489799 3.59393 -1 -1
441 4 2 0.30393 3.04384 0.91796 2.86337 -1 -1
442 4 4 0.0950924 4.74272 0.721544 4.53888 -1 -1
443 4 3 0.498206 3.49171 1.01262 3.44802 -1 -1
444 4 3 0.977934 3.17404 1.14154 3.1634 -1 -1
445 4 2 0.62137 3.46955 1.01421 3.39418 -1 -1
446 4 5 0.49661 5 1.14718 4.80006 -1 -1
447 4 4 0.190366 3.43158 0.50991 3.44866 -1 -1
448 4 4 0.137853 4.22121 0.540255 4.34152 -1 -1
449 3 1 0.152677 4.033 0.152677 4.03363 -1 -1
450 3 3 0.660771 2.22737 0.766647 2.24166 -1 -1
451 4 4 0.233361 0.241314 0.39904 0.281115 -1 -1
452 4 4 0.39558 3.45736 0.574992 3.44282 -1 -1
453 4 2 0.125386 1.10994 0.764601 1.07825 -1 -1
454 4 3 0.618506 2.33508 1.04498 2.30541 -1 -1
455 4 4 0.381323 0.794593 0.761621 0.918583 -1 -1
456 4 1 1.5 2.86249 1.5 2.86373 -1 -1
457 4 3 0.398628 4.4859 0.77722 4.51733 -1 -1
458 4 2 0.003 2.27739 0.5281 2.40337 -1 -1
459 3 2 0.0829202 4.79093 0.722789 4.77799 -1 -1
460 4 2 0.326442 4.15563 0.800688 3.99723 -1 -1
461 3 4 0.151023 1.52585 0.684728 1.60806 -1 -1
462 4 3 0.336304 3.97769 1.499 3.80483 -1 -1
463 4 1 0.84324 2.91506 0.84324 2.91391 -1 -1
464 4 2 0.927787 4.64727 1.43291 4.77078 -1 -1
465 4 2 0.897115 4.95715 1.02872 4.9094 -1 -1
466 3 2 0.80884 3.07321 1.40271 2.93218 -1 -1
467 4 4 0.0993458 4.96488 0.259292 4.96072 -1 -1
468 4 1 0.0564473 3.16958 0.0564473 3.17006 -1 -1
469 4 3 0.764363 1.6263 0.919369 1.65781 -1 -1
470 4 2 0.146101 3.1109 0.584104 3.06902 -1 -1
471 4 2 0.38238 3.66567 0.480317 3.64546 -1 -1
472 3 3 0.686555 1.91047 1.44042 1.99977 -1 -1
473 4 3 1.17488 2.12673 1.21297 2.13896 -1 -1
474 4 2 0.20904 3.23772 0.532694 3.13357 -1 -1
475 4 1 0.572769 1.28474 0.572769 1.28474 -1 -1
476 4 2 1.09474 4.27355 1.25223 4.30183 -1 -1
477 3 4 0.0262417 3.45489 1.34051 3.55995 -1 -1
478 4 1 0.299074 4.82132 0.299074 4.82132 -1 -1
479 4 1 0.844695 1.03477 0.844695 1.034 -1 -1
480 4 2 0.735353 3.74834 1.28476 3.63993 -1 -1
481 4 4 1.02615 1.952 1.08264 1.9722 -1 -1
482 3 4 0.0362815 0.505968 1.22822 0.245796 -1 -1
483 4 4 0.370432 1.51575 0.586283 1.55827 -1 -1
484 4 4 0.514554 0.485307 0.851624 0.440765 -1 -1
485 4 2 0.303368 4.34359 1.45575 4.47635 -1 -1
486 4 4 0.359741 0.477825 1.08693 0.340739 -1 -1
487 4 1 0.0755387 3.93444 0.0755387 3.93393 -1 -1
488 4 6 0 0.517166 0.437367 0.413585 -1 -1
489 3 2 0.0113889 0.28271 1.49332 0.050602 -1 -1
490 4 4 0.236181 3.56361 0.734754 3.60136 -1 -1
491 3 3 0 0.77654 1.2616 0.923069 -1 -1
492 4 3 0.0395915 0.0955662 0.168189 0.114087 -1 -1
493 4 1 1.28969 3.54794 1.28969 3.54794 -1 -1
494 3 3 0.180987 4.74115 1.39955 4.68195 -1 -1
495 3 4 0.290395 2.7052 1.4411 2.92878 -1 -1
496 3 2 0.0929837 2.25845 0.151863 2.24691 -1 -1
497 4 2 0 2.60965 1.29431 2.5434 -1 -1
498 4 2 1.27533 2.88306 1.47525 2.87749 -1 -1
499 4 4 0.539062 1.27105 1.499 1.21439 -1 -1
