#index type state x1 y1 x2 y2 bleached_x1 bleached_x2 
#t=28
0 4 1 0.567017 3.88273 0.567017 3.88376 -1 -1
1 4 4 0.596176 0.847172 1.42659 0.720602 -1 -1
2 4 4 0.196766 2.12491 0.531361 2.064 -1 -1
3 4 2 0.460991 0.495446 1.19034 0.620567 -1 -1
4 3 2 0.819559 4.24481 1.18004 4.23902 -1 -1
5 4 4 1.07686 2.91632 1.32875 2.98075 -1 -1
6 4 4 0.204674 0.406323 1.07084 0.650781 -1 -1
7 4 4 0.143439 0.101094 0.663352 0.110621 -1 -1
8 3 4 0.883194 3.1351 0.981596 3.1173 -1 -1
9 3 3 0.477449 1.48728 1.17145 1.67214 -1 -1
10 4 3 1.0829 2.97673 1.13968 2.99611 -1 -1
11 3 4 0.185043 3.5392 1.00106 3.61988 -1 -1
12 3 3 0.302755 1.52648 1.10243 1.25413 -1 -1
13 4 3 0.891077 2.95856 1.31688 3.06793 -1 -1
14 4 4 0.217385 1.12626 1.499 1.30725 -1 -1
15 4 3 1.4467 1.58921 1.499 1.6005 -1 -1
16 4 2 0.156608 4.27187 0.427196 4.32849 -1 -1
17 4 2 0.940618 3.37077 1.11418 3.32307 -1 -1
18 4 2 0.872592 1.29269 1.44276 1.39902 -1 -1
19 3 5 0.152531 0.251343 0.87799 0 -1 -1
20 4 4 0.369666 0.560576 0.549011 0.545231 -1 -1
21 4 4 0.201512 2.81537 0.379593 2.84159 -1 -1
22 4 2 0.0291989 1.31823 0.549047 1.33078 -1 -1
23 4 4 0.186411 3.99206 0.497424 4.06737 -1 -1
24 4 3 0.528195 0.700336 1.21271 0.846776 -1 -1
25 3 4 0.193392 3.71468 0.505112 3.6442 -1 -1
26 4 4 0.262038 0.0887919 0.401388 0.0753182 -1 -1
27 4 1 0.273232 3.38728 0.273232 3.38339 -1 -1
28 3 2 0.740222 3.57912 0.950562 3.51465 -1 -1
29 4 4 1.03314 0.341317 1.499 0.395085 -1 -1
30 4 3 0.139995 1.76361 1.40979 1.75301 -1 -1
31 4 1 1.26269 0.225257 1.26269 0.225257 -1 -1
32 4 4 0.01999 3.56112 1.44977 3.51589 -1 -1
33 3 2 0.10554 1.27351 1.1216 1.36302 -1 -1
34 4 4 0.305061 0.76346 1.45503 0.399197 -1 -1
35 4 2 1.07526 0.490785 1.2091 0.53792 -1 -1
36 4 1 0.515439 0.335564 0.515439 0.335669 -1 -1
37 4 4 0.74485 2.01865 1.29425 1.83273 -1 -1
38 4 1 1.1915 1.49667 1.1915 1.49667 -1 -1
39 3 2 0.797172 0.17498 0.976981 0.183281 -1 -1
40 4 2 0.29612 3.15465 1.2804 2.88708 -1 -1
41 4 2 0.991145 2.6571 1.34994 2.62766 -1 -1
42 4 4 0.593172 1.72843 0.71154 1.7087 -1 -1
43 4 3 0.241483 3.69629 0.319141 3.67707 -1 -1
44 4 4 0.292267 2.35152 1.499 2.06194 -1 -1
45 3 2 0.0755496 0.529431 0.233246 0.502381 -1 -1
46 3 4 0.102349 2.14692 1.47534 2.4206 -1 -1
47 4 3 0.373401 4.00551 1.44859 3.80248 -1 -1
48 4 2 0.038867 2.4542 0.379525 2.37135 -1 -1
49 4 6 0 3.51353 0.546705 3.66271 -1 -1
50 3 3 0.143265 4.05574 1.0289 3.88276 -1 -1
51 4 2 0.264866 1.80186 1.06398 1.76412 -1 -1
52 4 2 0.983821 3.97591 1.2034 3.96224 -1 -1
53 4 1 0.53669 2.90085 0.53669 2.90284 -1 -1
54 4 2 0.672556 1.22594 1.16541 1.39175 -1 -1
55 4 2 0.152296 0.193359 1.20127 0.345876 -1 -1
56 4 2 0.0465348 1.90063 0.918337 1.78079 -1 -1
57 3 3 0.969494 1.62164 1.10353 1.63957 -1 -1
58 3 3 0.683196 0.282061 1.37665 0.08836 -1 -1
59 4 2 0.236637 4.49358 0.344989 4.47525 -1 -1
60 4 2 0.139372 0.853464 1.39982 1.24548 -1 -1
61 4 3 0.810982 0.47768 0.884243 0.466724 -1 -1
62 4 4 0.0937092 3.84691 0.211605 3.86928 -1 -1
63 4 4 0.486881 1.32723 1.17483 1.1979 -1 -1
64 4 3 0.119575 1.29561 0.914429 1.22852 -1 -1
65 4 1 0.539431 3.89458 0.539431 3.89642 -1 -1
66 4 2 0.420736 2.74514 0.914815 2.66842 -1 -1
67 4 3 0.49459 3.64808 1.36083 3.9293 -1 -1
68 3 3 0.059625 1.81381 0.905195 1.70181 -1 -1
69 4 1 1.45591 0.327609 1.45591 0.327609 -1 -1
70 4 2 0.867191 1.63537 0.946471 1.64608 -1 -1
71 4 2 0.976112 2.59519 1.46838 2.48562 -1 -1
72 3 2 0.0180902 4.20239 0.828243 4.07569 -1 -1
73 4 4 1.22674 3.25719 1.36657 3.2503 -1 -1
74 4 2 0.0798545 3.89231 0.857351 3.84536 -1 -1
75 3 2 0.054283 3.94419 1.41018 3.59556 -1 -1
76 4 1 1.18835 4.63801 1.18835 4.63801 -1 -1
77 4 2 0.543559 1.60424 1.25205 1.3906 -1 -1
78 4 6 0 4.51324 1.32206 4.69718 -1 -1
79 4 2 0.946682 2.6142 1.30474 2.6515 -1 -1
80 4 2 0.30311 4.81026 1.29847 4.58742 -1 -1
81 4 4 0.526587 1.01177 0.744731 0.983247 -1 -1
82 3 4 1.13413 2.36659 1.36977 2.32106 -1 -1
83 3 3 0.0107593 4.46548 1.44284 4.00821 -1 -1
84 4 1 0.601991 3.87165 0.601991 3.87165 -1 -1
85 4 2 0.210828 3.6167 1.06078 3.48564 -1 -1
86 4 4 0.21272 1.81518 1.29024 2.09947 -1 -1
87 4 2 1.00393 3.8974 1.08289 3.88454 -1 -1
88 4 3 0.759946 3.54231 1.13118 3.5379 -1 -1
89 4 2 0.776065 2.05912 1.19774 2.18478 -1 -1
90 3 1 0.973857 2.30656 0.973857 2.30656 -1 -1
91 4 1 0.102927 3.49146 0.102927 3.49308 -1 -1
92 4 2 0.876562 4.6681 1.14875 4.60242 -1 -1
93 4 3 0.879683 3.19497 1.30444 3.18357 -1 -1
94 4 4 0.512001 1.82336 1.499 2.15421 -1 -1
95 4 3 0.719432 4.38378 1.33462 4.35933 -1 -1
96 4 1 0.522626 2.14335 0.522626 2.14335 -1 -1
97 4 2 0.155565 2.19858 0.995119 2.22593 -1 -1
98 4 3 0.279313 2.54164 1.49273 2.62682 -1 -1
99 4 4 0.679757 4.31803 1.34118 4.30033 -1 -1
100 4 2 0.73199 2.80766 1.29045 2.76621 -1 -1
101 4 2 1.03934 1.91714 1.45825 2.05173 -1 -1
102 3 2 0.0197953 2.68151 0.730657 2.80024 -1 -1
103 4 4 0.0498742 4.44378 0.421077 4.36249 -1 -1
104 4 1 1.45595 3.11525 1.45595 3.11525 -1 -1
105 4 6 0 0.840565 0.332077 0.854454 -1 -1
106 4 6 0 2.84945 0.552755 2.71404 -1 -1
107 4 1 1.45576 2.90856 1.45576 2.90856 -1 -1
108 4 3 0.21211 4.48898 0.53017 4.40142 -1 -1
109 4 6 0 3.84543 0.555539 3.94195 -1 -1
110 4 2 0.437239 1.55713 0.742939 1.65173 -1 -1
111 4 4 0.0633853 2.08196 1.29426 2.35131 -1 -1
112 3 4 0.560804 0.959859 0.617645 0.979071 -1 -1
113 4 2 0.378915 4.58607 0.787647 4.6827 -1 -1
114 4 2 1.01364 1.6286 1.41363 1.63104 -1 -1
115 4 2 0.127973 1.66368 1.28796 1.6591 -1 -1
116 4 4 0.305182 2.6554 0.500862 2.61406 -1 -1
117 4 2 0.553399 4.85079 1.39275 4.8838 -1 -1
118 3 3 0.00537278 1.91734 0.176776 1.88996 -1 -1
119 4 3 0.463363 2.16648 0.880041 2.11376 -1 -1
120 4 4 0.70382 0.0101742 1.32211 0.0561642 -1 -1
121 3 1 0.479641 3.69161 0.479641 3.69161 -1 -1
122 4 1 0.242847 1.11289 0.242847 1.11048 -1 -1
123 4 4 0.85632 2.13633 1.48219 2.00259 -1 -1
124 4 2 0.29285 0.904914 1.38478 1.03792 -1 -1
125 4 3 0.290358 1.77081 1.1404 1.54994 -1 -1
126 4 1 1.14757 3.81661 1.14757 3.81661 -1 -1
127 3 4 0.162523 2.91149 0.426853 2.81675 -1 -1
128 4 4 1.35103 2.84572 1.44821 2.82214 -1 -1
129 4 1 1.01274 4.69848 1.01274 4.6988 -1 -1
130 3 2 0.812719 4.23079 1.5 4.4771 -1 -1
131 4 1 0.223989 2.77999 0.223989 2.77999 -1 -1
132 3 3 0.77385 1.52873 1.28711 1.66253 -1 -1
133 4 2 0.0999998 3.2846 0.537819 3.28541 -1 -1
134 4 3 0.157967 1.51425 0.799594 1.41098 -1 -1
135 3 3 0.796276 3.42093 1.00567 3.48841 -1 -1
136 4 4 0.39436 2.1612 1.32176 2.0078 -1 -1
137 4 4 0.193978 3.8903 0.93384 3.90461 -1 -1
138 4 2 0.784403 4.84577 1.24181 4.70026 -1 -1
139 3 1 0.189453 3.05994 0.189453 3.05994 -1 -1
140 3 4 0.916016 0.518792 1.49286 0.57919 -1 -1
141 4 3 0.690786 2.14276 0.978436 2.05823 -1 -1
142 3 1 0.768442 4.24903 0.768442 4.24903 -1 -1
143 4 3 0.681676 3.37986 0.881353 3.3685 -1 -1
144 3 1 0.953323 2.81654 0.953323 2.81736 -1 -1
145 3 3 0.583034 4.26977 0.988186 4.13347 -1 -1
146 3 1 0.76388 4.83984 0.76388 4.83984 -1 -1
147 3 1 0.132756 1.93741 0.132756 1.93568 -1 -1
148 4 2 0.0617786 2.35468 1.23464 2.60845 -1 -1
149 3 4 0.14318 0.344793 1.42244 0.668413 -1 -1
150 4 2 0.851365 2.19525 1.3483 2.25054 -1 -1
151 4 1 0.836639 3.55637 0.836639 3.55847 -1 -1
152 4 1 1.11972 4.26819 1.11972 4.26819 -1 -1
153 4 6 0 2.95807 0.375159 2.91528 -1 -1
154 4 3 0.548488 2.56886 0.725468 2.50801 -1 -1
155 4 1 0.821903 1.14402 0.821903 1.14466 -1 -1
156 4 3 0.959807 3.38625 1.09412 3.38895 -1 -1
157 3 2 0.490363 1.44036 1.44018 1.36668 -1 -1
158 4 1 1.25153 3.61912 1.25153 3.61912 -1 -1
159 4 6 0 4.50887 0.233999 4.491 -1 -1
160 4 2 0.551773 1.8443 1.19617 1.62715 -1 -1
161 3 3 1.0209 4.52832 1.28371 4.47942 -1 -1
162 3 4 0.155739 3.27139 1.4803 3.06857 -1 -1
163 3 2 0.61551 3.74007 1.05449 3.71009 -1 -1
164 4 1 0.813535 0.532049 0.813535 0.534627 -1 -1
165 4 3 0.539975 3.64912 1.44531 3.64032 -1 -1
166 3 4 0.587745 4.53303 1.18715 4.55981 -1 -1
167 4 2 0.00734464 0.404211 0.300188 0.339074 -1 -1
168 3 3 0.376358 2.99067 1.06088 3.03404 -1 -1
169 4 1 0.196339 3.90793 0.196339 3.90819 -1 -1
170 4 2 1.12302 2.15138 1.24107 2.12981 -1 -1
171 4 4 0.525752 2.82868 0.68541 2.81822 -1 -1
172 4 1 0.460419 0.349346 0.460419 0.349346 -1 -1
173 4 4 1.06741 4.82719 1.10639 4.81819 -1 -1
174 3 1 0.721321 2.34845 0.721321 2.35034 -1 -1
175 4 5 1.18874 0 1.32299 0.0283359 -1 -1
176 3 4 0.142861 1.26323 1.07298 1.49429 -1 -1
177 4 4 0.536104 3.46136 1.09302 3.40272 -1 -1
178 3 2 0.923215 0.791831 1.36147 0.830967 -1 -1
179 4 1 1.26506 0.361582 1.26506 0.363722 -1 -1
180 4 3 1.33047 1.85388 1.42984 1.86508 -1 -1
181 4 3 0.539298 1.95457 0.872852 1.93755 -1 -1
182 4 2 0.0233651 1.10496 1.33252 1.39082 -1 -1
183 4 4 0.822869 4.41765 1.3611 4.46136 -1 -1
184 4 3 0.33926 1.47088 0.926024 1.67916 -1 -1
185 3 7 1.16536 3.01887 1.5 2.9002 -1 -1
186 3 2 0.200666 3.15162 1.43769 3.06572 -1 -1
187 4 2 0.391203 4.68703 0.854832 4.58816 -1 -1
188 4 2 0.376745 3.40045 1.09966 3.30522 -1 -1
189 4 4 0.178251 3.78199 0.516626 3.81519 -1 -1
190 4 2 0.15878 4.93463 1.46315 4.77263 -1 -1
191 4 5 0.00912171 5 1.28234 4.75145 -1 -1
192 3 2 0.0673432 0.435124 0.976094 0.744594 -1 -1
193 4 3 0.0189442 2.05308 0.453476 1.906 -1 -1
194 3 2 1.07314 1.9166 1.4102 1.96122 -1 -1
195 4 4 0.367501 2.04118 0.426054 2.02808 -1 -1
196 4 4 0.139849 4.08959 0.964847 4.05122 -1 -1
197 3 1 0.800506 2.50078 0.800506 2.50078 -1 -1
198 4 3 0.948844 3.41456 1.4312 3.54622 -1 -1
199 3 2 0.49061 3.62282 0.730516 3.6161 -1 -1
200 4 4 0.238049 3.1516 1.47827 2.99247 -1 -1
201 3 2 0.023006 3.15864 1.42005 3.24954 -1 -1
202 4 2 0.602607 4.92609 0.898334 4.97655 -1 -1
203 4 1 0.940181 1.14325 0.940181 1.14425 -1 -1
204 3 3 0.471865 3.82671 1.3054 3.62902 -1 -1
205 4 3 0.277947 3.89553 1.499 3.74684 -1 -1
206 4 6 0 2.49389 1.30654 2.24669 -1 -1
207 4 3 0.480412 0.92851 1.35908 1.1233 -1 -1
208 4 3 0.340588 3.20304 0.600113 3.18733 -1 -1
209 4 1 0.710133 3.15324 0.710133 3.15264 -1 -1
210 3 3 0.518745 1.80816 0.660792 1.80199 -1 -1
211 4 3 0.499914 0.178119 1.32097 0.16293 -1 -1
212 4 4 0.0592183 1.16418 1.21601 0.975598 -1 -1
213 3 2 0.0222882 2.84917 1.3808 3.0067 -1 -1
214 4 2 0.539926 2.5162 1.28845 2.64778 -1 -1
215 3 7 0.641759 1.50493 1.5 1.2222 -1 -1
216 3 4 0.282014 2.21004 0.441886 2.20366 -1 -1
217 4 1 0.0354997 3.10595 0.0354997 3.10511 -1 -1
218 3 4 0.97599 3.56327 1.32593 3.47878 -1 -1
219 3 4 0.443957 1.21093 0.576289 1.25663 -1 -1
220 4 4 0.154557 1.48299 0.426037 1.55567 -1 -1
221 4 3 1.36048 2.51715 1.41981 2.50822 -1 -1
222 3 4 0.769051 1.42726 1.37315 1.5668 -1 -1
223 4 3 0.74614 2.34025 1.30317 2.50995 -1 -1
224 4 2 0.913943 3.25012 1.05392 3.24738 -1 -1
225 4 3 0.25308 3.98334 0.88702 4.1326 -1 -1
226 4 1 0.815776 3.00316 0.815776 3.00237 -1 -1
227 3 2 0.147251 4.13297 0.890724 3.89391 -1 -1
228 3 4 0.544626 1.01493 1.21093 1.2295 -1 -1
229 3 4 0.283221 1.35983 0.522414 1.34016 -1 -1
230 3 4 0.601321 2.27364 0.717043 2.3054 -1 -1
231 3 4 0.734139 0.78281 0.86947 0.746956 -1 -1
232 4 3 0.119861 2.41517 0.918421 2.45359 -1 -1
233 4 2 0.888184 4.08273 1.02515 4.05376 -1 -1
234 3 3 0.455409 1.41305 0.692924 1.4475 -1 -1
235 4 2 0.298616 2.61247 0.47855 2.60759 -1 -1
236 3 1 1.14612 4.15592 1.14612 4.15909 -1 -1
237 3 1 0.405445 0.481561 0.405445 0.481561 -1 -1
238 3 3 0.137081 4.69439 0.595018 4.65087 -1 -1
239 4 2 1.17663 1.7895 1.21468 1.80181 -1 -1
240 4 2 0.610863 4.73221 1.42739 4.65678 -1 -1
241 4 4 0.999187 1.87297 1.26933 1.9466 -1 -1
242 4 4 0.218677 1.00492 0.337907 0.991348 -1 -1
243 4 3 0.375583 2.88336 1.34041 3.05512 -1 -1
244 4 2 0.219978 1.63499 0.388092 1.6326 -1 -1
245 4 3 0.428653 0.162624 0.748613 0.157575 -1 -1
246 4 3 1.20511 2.09508 1.46185 2.05399 -1 -1
247 4 2 0.556494 0.858538 0.911796 0.916502 -1 -1
248 4 4 0.309286 0.90449 0.428066 0.887426 -1 -1
249 3 2 0.19035 3.39524 1.00586 3.48094 -1 -1
250 4 2 0.897047 2.17779 0.995944 2.1926 -1 -1
251 4 4 0.307927 4.94208 0.72991 4.81746 -1 -1
252 3 1 0.292768 2.32705 0.292768 2.32725 -1 -1
253 4 1 0.122348 4.85268 0.122348 4.85268 -1 -1
254 4 6 0 0.453905 0.614138 0.3506 -1 -1
255 4 4 0.42413 4.17886 0.636364 4.12093 -1 -1
256 3 3 1.28833 3.53373 1.34105 3.52767 -1 -1
257 4 1 1.01553 1.3235 1.01553 1.3235 -1 -1
258 4 3 0.617052 4.38946 0.637884 4.3915 -1 -1
259 4 1 0.838054 0.097048 0.838054 0.093292 -1 -1
260 4 2 0.175928 1.71563 1.24506 1.48428 -1 -1
261 4 4 0.821129 0.783196 1.3254 0.910124 -1 -1
262 4 2 0.491241 1.48883 1.46824 1.4122 -1 -1
263 4 1 0.189209 2.26574 0.189209 2.26569 -1 -1
264 4 3 0.877931 0.899876 1.1984 0.87786 -1 -1
265 4 2 0.746214 4.77075 0.825958 4.77715 -1 -1
266 4 3 0.471241 0.466001 1.47457 0.821839 -1 -1
267 4 1 1.14265 1.78007 1.14265 1.78007 -1 -1
268 4 1 0.394316 4.89855 0.394316 4.89864 -1 -1
269 4 4 0.378274 0.287162 0.764876 0.154264 -1 -1
270 3 4 0.365611 1.70079 0.751219 1.80712 -1 -1
271 4 1 0.138498 4.68724 0.138498 4.6916 -1 -1
272 3 4 0.324666 1.45089 1.18527 1.2928 -1 -1
273 3 3 0.665027 1.4529 0.778992 1.42657 -1 -1
274 3 1 0.499416 4.4753 0.499416 4.47663 -1 -1
275 4 1 0.476116 4.37585 0.476116 4.3759 -1 -1
276 4 1 0.0830314 4.74016 0.0830314 4.74016 -1 -1
277 4 4 0.791091 0.712079 1.20954 0.676056 -1 -1
278 4 4 0.648205 4.0742 1.40136 3.97245 -1 -1
279 4 1 1.0432 2.87551 1.0432 2.87667 -1 -1
280 4 1 0.996729 3.51444 0.996729 3.51444 -1 -1
281 4 4 1.03789 1.424 1.15576 1.44652 -1 -1
282 4 2 1.05658 2.00189 1.09548 2.01121 -1 -1
283 4 4 1.26952 3.79358 1.46393 3.84054 -1 -1
284 3 3 0.0205754 0.413281 0.536082 0.345072 -1 -1
285 4 1 0.840785 3.31229 0.840785 3.31229 -1 -1
286 4 1 0.880597 3.73388 0.880597 3.73397 -1 -1
287 4 3 0.0399971 3.07579 0.0804391 3.07628 -1 -1
288 4 4 0.451421 3.14065 1.499 3.42793 -1 -1
289 4 4 0.300955 3.88195 0.333666 3.87013 -1 -1
290 3 2 1.18227 3.37138 1.29758 3.33815 -1 -1
291 4 2 1.31266 0.535901 1.35185 0.543921 -1 -1
292 4 2 0.355968 2.56834 0.525968 2.50918 -1 -1
293 4 2 1.01686 1.54519 1.39561 1.41657 -1 -1
294 3 1 0.444696 0.770252 0.444696 0.768215 -1 -1
295 4 3 0.659169 1.9204 0.976063 1.93632 -1 -1
296 4 3 0.190221 1.11676 1.27523 0.764413 -1 -1
297 4 2 1.00669 4.80486 1.16612 4.81829 -1 -1
298 4 1 1.09922 2.00953 1.09922 2.00953 -1 -1
299 4 5 0.789178 5 1.16547 4.94225 -1 -1
300 4 1 1.3218 2.0895 1.3218 2.0895 -1 -1
301 3 4 0.223129 1.93243 0.452417 2.00333 -1 -1
302 4 4 0.564545 1.18745 0.681067 1.21613 -1 -1
303 4 3 0.343324 4.32329 0.721124 4.44246 -1 -1
304 4 3 0.057937 1.57001 0.457663 1.67763 -1 -1
305 4 4 0.0199799 4.02172 1.00837 3.97741 -1 -1
306 4 4 0.300253 0.996408 0.639294 0.970891 -1 -1
307 4 1 0.827037 3.1698 0.827037 3.16559 -1 -1
308 4 1 1.09569 3.28194 1.09569 3.28194 -1 -1
309 4 4 0.906496 4.97493 1.42518 4.938 -1 -1
310 4 2 0.353587 0.440452 0.590752 0.403676 -1 -1
311 4 4 0.209504 0.42375 0.49143 0.526304 -1 -1
312 4 2 1.15909 1.78202 1.42463 1.69319 -1 -1
313 4 4 0.438045 1.85403 0.53804 1.85502 -1 -1
314 4 2 1.11159 3.58353 1.15159 3.58404 -1 -1
315 4 4 0.0305788 3.30372 0.656419 3.4376 -1 -1
316 3 3 0.184773 2.84796 0.980851 2.80235 -1 -1
317 4 1 1.35346 4.78187 1.35346 4.78187 -1 -1
318 4 2 0.847601 0.472761 1.31924 0.561978 -1 -1
319 3 3 0.565839 4.21784 1.10228 4.0358 -1 -1
320 4 4 0.0378109 1.73721 1.0438 2.00099 -1 -1
321 4 2 0.708439 1.70737 1.04058 1.78005 -1 -1
322 3 3 0.661879 0.0958549 1.21608 0.284971 -1 -1
323 3 3 0.699882 1.19555 0.834415 1.15681 -1 -1
324 3 1 0.138957 1.302 0.138957 1.302 -1 -1
325 4 2 0.435206 4.60872 1.39352 4.93678 -1 -1
326 4 2 1.17797 1.82942 1.47366 1.84678 -1 -1
327 4 1 0.703749 3.83265 0.703749 3.83151 -1 -1
328 4 4 0.415344 4.34335 1.3646 4.01146 -1 -1
329 4 4 0.495233 1.42742 0.973587 1.46713 -1 -1
330 4 1 0.809495 3.99623 0.809495 3.9977 -1 -1
331 4 4 1.26097 2.96383 1.44087 2.96974 -1 -1
332 4 2 0.465599 1.81802 0.891708 1.70833 -1 -1
333 4 2 0.124732 2.06811 0.32382 2.04904 -1 -1
334 4 2 0.248505 2.89142 0.286321 2.90446 -1 -1
335 4 1 1.1168 0.672645 1.1168 0.672645 -1 -1
336 3 2 0.0147549 2.66769 0.0932893 2.65245 -1 -1
337 3 5 0.446158 4.78783 1.27825 5 -1 -1
338 4 3 1.01116 3.71844 1.10654 3.68839 -1 -1
339 4 3 0.277193 0.454277 0.72694 0.390107 -1 -1
340 3 1 1.05631 4.18851 1.05631 4.18851 -1 -1
341 4 3 0.647784 3.6301 1.17288 3.50409 -1 -1
342 4 4 0.419941 2.34301 0.775961 2.33706 -1 -1
343 4 2 0.69327 4.42738 0.731943 4.43759 -1 -1
344 4 3 0.282085 0.398098 0.323163 0.383227 -1 -1
345 4 6 0 1.94683 0.749256 1.968 -1 -1
346 4 2 1.0096 2.58182 1.38534 2.6386 -1 -1
347 4 1 1.19665 4.07533 1.19665 4.07533 -1 -1
348 4 2 0.411204 1.94861 0.731001 1.83315 -1 -1
349 4 2 0.544373 3.29705 0.663393 3.28174 -1 -1
350 4 4 0.328041 4.04888 0.706937 4.07782 -1 -1
351 3 4 0.316305 1.54103 1.48008 1.64764 -1 -1
352 4 2 0.830181 4.55747 1.10885 4.53023 -1 -1
353 3 1 0.941778 3.20417 0.941778 3.20413 -1 -1
354 4 3 0.254365 4.21555 1.49164 4.47741 -1 -1
355 4 1 0.32818 0.915736 0.32818 0.915008 -1 -1
356 3 4 1.38613 1.17427 1.44582 1.16814 -1 -1
357 4 2 0.152922 2.27232 0.811251 2.31927 -1 -1
358 4 4 0.743312 4.32595 0.882159 4.34388 -1 -1
359 4 4 0.128392 1.83364 1.20988 1.54246 -1 -1
360 4 2 0.576993 4.74553 1.24709 4.62991 -1 -1
361 4 2 1.13305 3.03224 1.30972 3.06668 -1 -1
362 4 3 0.0967523 3.85512 0.309562 3.91072 -1 -1
363 3 4 0.382191 3.1474 1.49143 3.41046 -1 -1
364 3 4 0.0245011 0.967287 0.737655 1.1648 -1 -1
365 4 3 0.339997 0.0184765 1.26413 0.0223888 -1 -1
366 4 1 0.525106 2.57162 0.525106 2.57079 -1 -1
367 4 3 0.486893 2.65848 0.70551 2.63385 -1 -1
368 3 2 0.0673754 3.06549 0.242901 3.10537 -1 -1
369 4 4 0.0577555 0.217669 0.459293 0.104642 -1 -1
370 4 3 0.0790562 1.72008 1.44912 1.50775 -1 -1
371 4 1 0.634194 2.70353 0.634194 2.70353 -1 -1
372 3 4 0.183903 1.31757 1.14347 1.2888 -1 -1
373 3 4 0.0166564 4.42058 0.493046 4.47934 -1 -1
374 4 6 0 0.417995 1.47897 0.684912 -1 -1
375 4 1 0.172908 2.68798 0.172908 2.69357 -1 -1
376 3 4 0.817401 0.124106 1.03353 0.16521 -1 -1
377 3 4 0.625616 2.0073 0.78543 2.01501 -1 -1
378 3 1 1.01833 0.220966 1.01833 0.219434 -1 -1
379 4 4 0.893344 2.41538 1.39741 2.28766 -1 -1
380 4 2 0.129327 0.780091 1.28896 0.750939 -1 -1
381 3 3 0.0312099 3.27494 0.703749 3.34028 -1 -1
382 4 2 0.36254 2.64596 0.897057 2.72272 -1 -1
383 4 4 0.645876 2.14971 1.28308 2.32166 -1 -1
384 4 2 0.448353 2.04047 1.49345 1.80071 -1 -1
385 4 1 1.37061 0.447098 1.37061 0.447098 -1 -1
386 3 2 0.981822 2.75319 1.48112 2.92791 -1 -1
387 4 3 0.828057 3.78 0.922902 3.75341 -1 -1
388 4 3 0.119924 0.510063 0.873273 0.483233 -1 -1
389 4 6 0 2.47253 0.21349 2.53392 -1 -1
390 4 4 0.734271 0.941947 1.12971 0.800427 -1 -1
391 4 2 0.623601 2.96269 0.878405 3.01441 -1 -1
392 4 3 0.944078 1.64645 1.12377 1.61331 -1 -1
393 3 2 0.454319 4.31286 1.10674 4.12116 -1 -1
394 4 6 0 3.19023 1.01278 2.96819 -1 -1
395 4 2 0.0587129 1.02925 1.1461 1.25819 -1 -1
396 3 2 1.01488 3.78428 1.11202 3.76052 -1 -1
397 4 3 0.601039 3.39503 0.852741 3.46019 -1 -1
398 4 2 0.60819 3.55412 0.900503 3.48664 -1 -1
399 4 1 0.0685423 0.593455 0.0685423 0.595601 -1 -1
400 4 2 0.0993381 2.57409 0.639325 2.51165 -1 -1
401 3 3 0.416423 2.44322 1.34118 2.33013 -1 -1
402 3 3 0.843284 1.2418 0.882906 1.23631 -1 -1
403 3 4 0.407475 2.71471 1.44102 2.59902 -1 -1
404 4 3 0.698342 4.58931 1.47191 4.64264 -1 -1
405 4 1 1.13312 4.87415 1.13312 4.87513 -1 -1
406 3 5 0.113655 0.238863 1.1122 0 -1 -1
407 3 2 0.112637 3.81815 0.866461 3.61778 -1 -1
408 3 4 0.0557732 0.714163 1.34209 0.504001 -1 -1
409 4 3 0.365456 4.51825 1.32774 4.8565 -1 -1
410 4 3 1.43357 2.36284 1.49343 2.35865 -1 -1
411 4 4 0.628199 0.878013 1.0558 0.981722 -1 -1
412 4 1 0.726133 2.63103 0.726133 2.63144 -1 -1
413 3 1 1.27218 3.48919 1.27218 3.49001 -1 -1
414 4 2 0.116979 2.7991 0.314579 2.76821 -1 -1
415 4 4 1.26497 0.233512 1.41554 0.197833 -1 -1
416 4 2 0.264451 3.17762 1.02518 3.44229 -1 -1
417 3 4 0.0547243 3.79183 0.630528 3.94574 -1 -1
418 4 2 0.923507 4.62204 0.981282 4.60585 -1 -1
419 4 3 0.236759 2.32632 0.254767 2.32931 -1 -1
420 3 4 0.493192 4.59279 1.47546 4.31794 -1 -1
421 4 3 0.444609 1.70363 1.11212 1.9144 -1 -1
422 3 3 1.06308 4.43453 1.12131 4.44898 -1 -1
423 3 2 0.59065 2.68876 0.892571 2.7948 -1 -1
424 4 4 0.0195252 1.40208 0.713783 1.55611 -1 -1
425 4 4 1.19289 3.24717 1.29282 3.24368 -1 -1
426 4 3 0.557177 0.0514671 1.1215 0.219854 -1 -1
427 3 3 0.628965 3.24803 0.640103 3.25147 -1 -1
428 4 4 0.224833 3.41353 0.928137 3.18339 -1 -1
429 4 3 0.95081 3.28052 1.03953 3.30943 -1 -1
430 3 1 1.37156 4.88081 1.37156 4.88255 -1 -1
431 3 3 0.674036 0.810086 1.18012 0.796384 -1 -1
432 4 3 0.255906 3.64785 1.26833 3.46604 -1 -1
433 4 3 0.584218 3.20197 1.22273 3.24556 -1 -1
434 4 4 0.804713 1.95643 1.26375 1.92668 -1 -1
435 4 3 0.936173 1.9057 1.29046 1.84185 -1 -1
436 4 3 0.483217 1.53889 1.34853 1.69902 -1 -1
437 3 2 0.530882 2.18258 0.746247 2.13766 -1 -1
438 3 1 1.1801 4.46424 1.1801 4.46694 -1 -1
439 4 2 0.411111 3.9664 0.968745 4.08299 -1 -1
440 4 1 0.138591 4.50777 0.138591 4.50777 -1 -1
441 4 3 0.61403 2.9527 0.91796 2.86337 -1 -1
442 4 4 0.0950924 4.74272 0.721544 4.53888 -1 -1
443 4 3 0.0597847 3.52896 1.01262 3.44802 -1 -1
444 4 1 1.14154 3.16235 1.14154 3.1634 -1 -1
445 4 1 1.01421 3.39418 1.01421 3.39418 -1 -1
446 4 3 0.553962 4.98237 1.14718 4.80006 -1 -1
447 4 3 0.25028 3.43478 0.50991 3.44866 -1 -1
448 4 4 0.137853 4.22121 0.540255 4.34152 -1 -1
449 3 1 0.152677 4.033 0.152677 4.03363 -1 -1
450 3 1 1.31586 2.6376 1.31586 2.63697 -1 -1
451 4 4 0.233361 0.241314 0.39904 0.281115 -1 -1
452 4 4 0.39558 3.45736 0.574992 3.44282 -1 -1
453 4 3 0.379534 1.09734 0.764601 1.07825 -1 -1
454 4 1 1.04498 2.30454 1.04498 2.30541 -1 -1
455 4 4 0.381323 0.794593 0.761621 0.918583 -1 -1
456 4 3 0.0798259 3.5485 0.668419 3.5874 -1 -1
457 4 2 0.682069 0.191171 0.858176 0.228401 -1 -1
458 4 2 0.305193 0.186464 0.515195 0.120896 -1 -1
459 3 3 0.0829202 4.79093 1.28004 4.76672 -1 -1
460 4 1 0.800688 3.99723 0.800688 3.99723 -1 -1
461 3 2 0.151023 1.52585 0.842863 1.63242 -1 -1
462 4 4 0.553912 3.94533 1.499 3.80483 -1 -1
463 4 6 0 3.46508 0.626699 3.68765 -1 -1
464 4 6 0 0.941297 0.0607867 0.923667 -1 -1
465 4 3 1.02342 4.91132 1.02872 4.9094 -1 -1
466 3 3 0.80884 3.07321 1.14974 2.99226 -1 -1
467 4 4 0.0993458 4.96488 0.259292 4.96072 -1 -1
468 4 1 0.0564473 3.16958 0.0564473 3.17006 -1 -1
469 4 3 0.531229 4.53473 0.690223 4.55265 -1 -1
470 4 2 0.163168 0.346929 0.296859 0.305376 -1 -1
471 4 3 0.195874 3.70415 0.480317 3.64546 -1 -1
472 3 1 0.686555 1.91047 0.686555 1.91037 -1 -1
473 4 1 1.21297 2.13896 1.21297 2.13896 -1 -1
474 4 1 0.532694 3.13357 0.532694 3.13357 -1 -1
475 4 1 0.572769 1.28474 0.572769 1.28474 -1 -1
476 4 2 0.36639 4.14278 1.25223 4.30183 -1 -1
477 3 4 0.0262417 3.45489 1.34051 3.55995 -1 -1
478 4 4 0.867267 2.12543 0.987149 2.13075 -1 -1
479 4 1 0.487085 0.778924 0.487085 0.782797 -1 -1
480 4 3 0.156973 3.86247 1.28476 3.63993 -1 -1
481 4 4 1.02615 1.952 1.08264 1.9722 -1 -1
482 3 4 0.0362815 0.505968 1.22822 0.245796 -1 -1
483 4 4 0.370432 1.51575 0.586283 1.55827 -1 -1
484 4 4 0.514554 0.485307 0.851624 0.440765 -1 -1
485 4 2 0.198686 4.33153 1.45575 4.47635 -1 -1
486 4 4 0.359741 0.477825 1.08693 0.340739 -1 -1
487 4 2 0.172549 1.68114 0.525086 1.75407 -1 -1
488 4 1 0.437367 0.411158 0.437367 0.413585 -1 -1
489 3 3 0.0113889 0.28271 1.26289 0.0866934 -1 -1
490 4 4 0.236181 3.56361 0.734754 3.60136 -1 -1
491 3 3 0 0.77654 1.16227 0.911532 -1 -1
492 4 2 1.26178 4.22682 1.32156 4.23195 -1 -1
493 4 1 1.28969 3.54794 1.28969 3.54794 -1 -1
494 3 2 0.180987 4.74115 1.42009 4.68095 -1 -1
495 3 4 0.290395 2.7052 1.4411 2.92878 -1 -1
496 3 3 1.16541 4.16688 1.22792 4.18207 -1 -1
497 4 4 0.319582 2.59329 1.29431 2.5434 -1 -1
498 4 4 1.23534 2.88418 1.47525 2.87749 -1 -1
499 4 4 0.539062 1.27105 1.499 1.21439 -1 -1
