#index type state x1 y1 x2 y2 bleached_x1 bleached_x2 
#t=24
0 4 1 0.567017 3.88273 0.567017 3.88376 -1 -1
1 4 4 0.596176 0.847172 1.42659 0.720602 -1 -1
2 4 4 0.196766 2.12491 0.531361 2.064 -1 -1
3 4 2 0.6384 0.525881 1.19034 0.620567 -1 -1
4 3 3 0.819559 4.24481 1.24003 4.23806 -1 -1
5 4 2 1.19312 2.94606 1.32875 2.98075 -1 -1
6 4 4 0.204674 0.406323 1.07084 0.650781 -1 -1
7 4 4 0.143439 0.101094 0.663352 0.110621 -1 -1
8 3 4 0.883194 3.1351 0.981596 3.1173 -1 -1
9 3 3 0.477449 1.48728 1.44202 1.7442 -1 -1
10 4 3 0.761131 2.86688 1.13968 2.99611 -1 -1
11 3 4 0.185043 3.5392 1.00106 3.61988 -1 -1
12 3 3 0.302755 1.52648 1.31068 1.18321 -1 -1
13 4 3 0.639251 2.89388 1.31688 3.06793 -1 -1
14 4 4 0.217385 1.12626 1.499 1.30725 -1 -1
15 4 3 1.11435 1.51749 1.499 1.6005 -1 -1
16 4 3 0.0783041 4.25549 0.427196 4.32849 -1 -1
17 4 1 0.982652 1.99073 0.982652 1.99073 -1 -1
18 4 2 0.990558 1.31469 1.44276 1.39902 -1 -1
19 3 5 0.152531 0.251343 0.87799 0 -1 -1
20 4 4 0.369666 0.560576 0.549011 0.545231 -1 -1
21 4 4 0.201512 2.81537 0.379593 2.84159 -1 -1
22 4 2 0.249135 1.32354 0.549047 1.33078 -1 -1
23 4 4 0.186411 3.99206 0.497424 4.06737 -1 -1
24 4 2 0.273948 0.645944 1.21271 0.846776 -1 -1
25 3 4 0.193392 3.71468 0.505112 3.6442 -1 -1
26 4 4 0.262038 0.0887919 0.401388 0.0753182 -1 -1
27 4 1 0.273232 3.38728 0.273232 3.38339 -1 -1
28 3 3 0.740222 3.57912 0.969684 3.50879 -1 -1
29 4 4 1.03314 0.341317 1.499 0.395085 -1 -1
30 4 2 0.0999965 1.76394 1.40979 1.75301 -1 -1
31 4 1 1.26269 0.225257 1.26269 0.225257 -1 -1
32 4 4 0.01999 3.56112 1.44977 3.51589 -1 -1
33 3 2 0.10554 1.27351 1.06184 1.35776 -1 -1
34 4 4 0.305061 0.76346 1.45503 0.399197 -1 -1
35 4 3 1.0564 0.484141 1.2091 0.53792 -1 -1
36 4 3 0.31991 0.340313 0.515439 0.335669 -1 -1
37 4 4 0.74485 2.01865 1.29425 1.83273 -1 -1
38 4 3 1.11153 1.49469 1.1915 1.49667 -1 -1
39 3 1 0.0861033 2.1108 0.0861033 2.1108 -1 -1
40 4 2 0.508415 3.09694 1.2804 2.88708 -1 -1
41 4 2 1.15061 2.64402 1.34994 2.62766 -1 -1
42 4 4 0.593172 1.72843 0.71154 1.7087 -1 -1
43 4 4 0.280312 3.68668 0.319141 3.67707 -1 -1
44 4 4 0.292267 2.35152 1.499 2.06194 -1 -1
45 3 3 0.510076 2.46222 0.52936 2.45692 -1 -1
46 3 2 0.102349 2.14692 1.33804 2.39323 -1 -1
47 4 3 0.157221 4.04633 1.44859 3.80248 -1 -1
48 4 2 0 2.46365 0.379525 2.37135 -1 -1
49 4 2 0.122225 3.54688 0.546705 3.66271 -1 -1
50 3 3 0.143265 4.05574 1.20556 3.84825 -1 -1
51 4 2 0.424688 1.79431 1.06398 1.76412 -1 -1
52 4 2 1.16347 3.96472 1.2034 3.96224 -1 -1
53 4 1 0.53669 2.90085 0.53669 2.90284 -1 -1
54 4 2 0.767337 1.25783 1.16541 1.39175 -1 -1
55 4 2 0.370007 0.225014 1.20127 0.345876 -1 -1
56 4 2 0.12579 1.88974 0.918337 1.78079 -1 -1
57 3 3 0.969494 1.62164 1.24229 1.65813 -1 -1
58 3 2 0.683196 0.282061 1.39591 0.0829794 -1 -1
59 4 3 0.0197197 4.53028 0.344989 4.47525 -1 -1
60 4 2 0.368544 0.924739 1.39982 1.24548 -1 -1
61 4 3 0.494501 0.525009 0.884243 0.466724 -1 -1
62 4 4 0.0937092 3.84691 0.211605 3.86928 -1 -1
63 4 4 0.486881 1.32723 1.17483 1.1979 -1 -1
64 4 2 0.0375471 1.30254 0.914429 1.22852 -1 -1
65 4 1 0.539431 3.89458 0.539431 3.89642 -1 -1
66 4 2 0.657894 2.70832 0.914815 2.66842 -1 -1
67 4 3 0.20925 3.55545 1.36083 3.9293 -1 -1
68 3 3 0.059625 1.81381 1.14312 1.6703 -1 -1
69 4 1 1.45591 0.327609 1.45591 0.327609 -1 -1
70 4 1 0.511163 4.26604 0.511163 4.26911 -1 -1
71 4 2 1.15181 2.55608 1.46838 2.48562 -1 -1
72 3 2 0.0180902 4.20239 0.591125 4.11278 -1 -1
73 4 2 1.26669 3.25522 1.36657 3.2503 -1 -1
74 4 2 0.179673 3.88628 0.857351 3.84536 -1 -1
75 3 2 0.054283 3.94419 1.23585 3.64038 -1 -1
76 4 3 0.968379 4.63457 1.18835 4.63801 -1 -1
77 4 2 0.658449 1.5696 1.25205 1.3906 -1 -1
78 4 2 0.153321 4.53457 1.32206 4.69718 -1 -1
79 4 2 1.14561 2.63492 1.30474 2.6515 -1 -1
80 4 2 0.381177 4.79279 1.29847 4.58742 -1 -1
81 4 4 0.526587 1.01177 0.744731 0.983247 -1 -1
82 3 4 1.13413 2.36659 1.36977 2.32106 -1 -1
83 3 2 0.0107593 4.46548 1.44284 4.00821 -1 -1
84 4 1 0.601991 3.87165 0.601991 3.87165 -1 -1
85 4 2 0.408492 3.58622 1.06078 3.48564 -1 -1
86 4 4 0.21272 1.81518 1.29024 2.09947 -1 -1
87 4 1 0.813113 2.69243 0.813113 2.69243 -1 -1
88 4 3 0.599958 3.5442 1.13118 3.5379 -1 -1
89 4 2 0.967735 2.11624 1.19774 2.18478 -1 -1
90 3 3 0.973857 2.30656 1.13139 2.33453 -1 -1
91 4 1 0.102927 3.49146 0.102927 3.49308 -1 -1
92 4 1 0.509108 4.72582 0.509108 4.72582 -1 -1
93 4 3 0.619777 3.20195 1.30444 3.18357 -1 -1
94 4 4 0.512001 1.82336 1.499 2.15421 -1 -1
95 4 3 0.459637 4.39411 1.33462 4.35933 -1 -1
96 4 3 0.371599 2.09052 0.522626 2.14335 -1 -1
97 4 2 0.375448 2.20574 0.995119 2.22593 -1 -1
98 4 6 0 2.52204 1.49273 2.62682 -1 -1
99 4 4 0.679757 4.31803 1.34118 4.30033 -1 -1
100 4 2 0.811771 2.80174 1.29045 2.76621 -1 -1
101 4 2 1.22975 1.97832 1.45825 2.05173 -1 -1
102 3 2 0.0197953 2.68151 0.553116 2.77058 -1 -1
103 4 4 0.0498742 4.44378 0.421077 4.36249 -1 -1
104 4 3 1.28055 3.15565 1.45595 3.11525 -1 -1
105 4 2 0.0723038 0.843589 0.332077 0.854454 -1 -1
106 4 2 0.0777023 2.83042 0.552755 2.71404 -1 -1
107 4 3 1.26701 2.84243 1.45576 2.90856 -1 -1
108 4 6 0 4.54737 0.53017 4.40142 -1 -1
109 4 2 0.0629187 3.85636 0.555539 3.94195 -1 -1
110 4 2 0.704726 1.6399 0.742939 1.65173 -1 -1
111 4 4 0.0633853 2.08196 1.29426 2.35131 -1 -1
112 3 4 0.560804 0.959859 0.617645 0.979071 -1 -1
113 4 2 0.534623 4.62288 0.787647 4.6827 -1 -1
114 4 2 1.21364 1.62982 1.41363 1.63104 -1 -1
115 4 2 0.407971 1.66257 1.28796 1.6591 -1 -1
116 4 4 0.305182 2.6554 0.500862 2.61406 -1 -1
117 4 2 0.69329 4.85629 1.39275 4.8838 -1 -1
118 3 3 0.00537278 1.91734 0.453271 1.8458 -1 -1
119 4 2 0.145895 2.20665 0.880041 2.11376 -1 -1
120 4 4 0.70382 0.0101742 1.32211 0.0561642 -1 -1
121 3 1 0.479641 3.69161 0.479641 3.69161 -1 -1
122 4 1 0.242847 1.11289 0.242847 1.11048 -1 -1
123 4 4 0.85632 2.13633 1.48219 2.00259 -1 -1
124 4 2 0.372263 0.914587 1.38478 1.03792 -1 -1
125 4 3 0.0967862 1.82111 1.1404 1.54994 -1 -1
126 4 1 1.14757 3.81661 1.14757 3.81661 -1 -1
127 3 4 0.162523 2.91149 0.426853 2.81675 -1 -1
128 4 4 1.35103 2.84572 1.44821 2.82214 -1 -1
129 4 1 1.01274 4.69848 1.01274 4.6988 -1 -1
130 3 2 0.812719 4.23079 1.47168 4.46695 -1 -1
131 4 1 0.223989 2.77999 0.223989 2.77999 -1 -1
132 3 7 0.77385 1.52873 1.5 1.71803 -1 -1
133 4 2 0.319999 3.28501 0.537819 3.28541 -1 -1
134 4 6 0 1.53968 0.799594 1.41098 -1 -1
135 3 2 0.796276 3.42093 1.15796 3.53749 -1 -1
136 4 4 0.39436 2.1612 1.32176 2.0078 -1 -1
137 4 4 0.193978 3.8903 0.93384 3.90461 -1 -1
138 4 2 0.860638 4.82152 1.24181 4.70026 -1 -1
139 3 1 0.189453 3.05994 0.189453 3.05994 -1 -1
140 3 4 0.916016 0.518792 1.49286 0.57919 -1 -1
141 4 3 0.594844 2.17096 0.978436 2.05823 -1 -1
142 3 1 0.768442 4.24903 0.768442 4.24903 -1 -1
143 4 2 0.422095 3.39462 0.881353 3.3685 -1 -1
144 3 3 0.953323 2.81654 1.06687 2.79623 -1 -1
145 3 3 0.583034 4.26977 1.25357 4.0442 -1 -1
146 3 3 0.76388 4.83984 0.863375 4.84988 -1 -1
147 3 1 0.132756 1.93741 0.132756 1.93568 -1 -1
148 4 2 0.237707 2.39274 1.23464 2.60845 -1 -1
149 3 4 0.14318 0.344793 1.42244 0.668413 -1 -1
150 4 2 1.01038 2.21294 1.3483 2.25054 -1 -1
151 4 1 0.836639 3.55637 0.836639 3.55847 -1 -1
152 4 3 0.943764 4.23027 1.11972 4.26819 -1 -1
153 4 2 0.176448 2.93795 0.375159 2.91528 -1 -1
154 4 3 0.359354 2.63389 0.725468 2.50801 -1 -1
155 4 1 0.821903 1.14402 0.821903 1.14466 -1 -1
156 4 3 0.699859 3.38104 1.09412 3.38895 -1 -1
157 3 2 0.490363 1.44036 1.26072 1.3806 -1 -1
158 4 1 1.25153 3.61912 1.25153 3.61912 -1 -1
159 4 2 0.0744641 4.50318 0.233999 4.491 -1 -1
160 4 2 0.703396 1.79321 1.19617 1.62715 -1 -1
161 3 7 1.0209 4.52832 1.5 4.43918 -1 -1
162 3 4 0.155739 3.27139 1.4803 3.06857 -1 -1
163 3 3 0.61551 3.74007 1.09439 3.70736 -1 -1
164 4 1 0.813535 0.532049 0.813535 0.534627 -1 -1
165 4 3 0.599972 3.64854 1.44531 3.64032 -1 -1
166 3 2 0.587745 4.53303 1.10723 4.55624 -1 -1
167 4 2 0.183051 0.365128 0.300188 0.339074 -1 -1
168 3 2 0.376358 2.99067 1.16068 3.04036 -1 -1
169 4 3 0.0991738 3.92076 0.196339 3.90819 -1 -1
170 4 1 0.39408 0.304221 0.39408 0.304004 -1 -1
171 4 4 0.525752 2.82868 0.68541 2.81822 -1 -1
172 4 1 0.460419 0.349346 0.460419 0.349346 -1 -1
173 4 4 1.06741 4.82719 1.10639 4.81819 -1 -1
174 3 1 0.721321 2.34845 0.721321 2.35034 -1 -1
175 4 5 1.18874 0 1.32299 0.0283359 -1 -1
176 3 4 0.142861 1.26323 1.07298 1.49429 -1 -1
177 4 4 0.536104 3.46136 1.09302 3.40272 -1 -1
178 3 2 0.923215 0.791831 1.18218 0.814957 -1 -1
179 4 1 1.26506 0.361582 1.26506 0.363722 -1 -1
180 4 2 1.37022 1.85836 1.42984 1.86508 -1 -1
181 4 2 0.339558 1.96477 0.872852 1.93755 -1 -1
182 4 2 0.25784 1.15616 1.33252 1.39082 -1 -1
183 4 4 0.822869 4.41765 1.3611 4.46136 -1 -1
184 4 2 0.16963 1.41067 0.926024 1.67916 -1 -1
185 3 2 1.16536 3.01887 1.39156 2.93865 -1 -1
186 3 2 0.200666 3.15162 1.21822 3.08096 -1 -1
187 4 3 0.195602 4.72874 0.854832 4.58816 -1 -1
188 4 2 0.535375 3.37956 1.09966 3.30522 -1 -1
189 4 4 0.178251 3.78199 0.516626 3.81519 -1 -1
190 4 3 0.39695 4.90505 1.46315 4.77263 -1 -1
191 4 5 0.00912171 5 1.28234 4.75145 -1 -1
192 3 2 0.0673432 0.435124 0.824636 0.693016 -1 -1
193 4 6 0 2.05949 0.453476 1.906 -1 -1
194 3 2 1.07314 1.9166 1.27141 1.94284 -1 -1
195 4 4 0.367501 2.04118 0.426054 2.02808 -1 -1
196 4 4 0.139849 4.08959 0.964847 4.05122 -1 -1
197 3 3 0.800506 2.50078 0.934042 2.45873 -1 -1
198 4 2 0.948844 3.41456 1.4312 3.54622 -1 -1
199 3 1 1.23289 1.9176 1.23289 1.91882 -1 -1
200 4 4 0.238049 3.1516 1.47827 2.99247 -1 -1
201 3 2 0.023006 3.15864 1.30031 3.24175 -1 -1
202 4 2 0.799759 4.95973 0.898334 4.97655 -1 -1
203 4 1 0.940181 1.14325 0.940181 1.14425 -1 -1
204 3 7 0.471865 3.82671 1.5 3.58286 -1 -1
205 4 2 0.0794134 3.9197 1.499 3.74684 -1 -1
206 4 2 0.0393027 2.48646 1.30654 2.24669 -1 -1
207 4 2 0.53899 0.941495 1.35908 1.1233 -1 -1
208 4 2 0.101026 3.21754 0.600113 3.18733 -1 -1
209 4 1 0.710133 3.15324 0.710133 3.15264 -1 -1
210 3 3 0.518745 1.80816 0.920547 1.7907 -1 -1
211 4 3 0.199966 0.183668 1.32097 0.16293 -1 -1
212 4 4 0.0592183 1.16418 1.21601 0.975598 -1 -1
213 3 2 0.0222882 2.84917 1.24173 2.99057 -1 -1
214 4 2 0.736905 2.55083 1.28845 2.64778 -1 -1
215 3 4 0.641759 1.50493 1.42059 1.24837 -1 -1
216 3 4 0.282014 2.21004 0.441886 2.20366 -1 -1
217 4 1 0.0354997 3.10595 0.0354997 3.10511 -1 -1
218 3 4 0.97599 3.56327 1.32593 3.47878 -1 -1
219 3 4 0.443957 1.21093 0.576289 1.25663 -1 -1
220 4 4 0.154557 1.48299 0.426037 1.55567 -1 -1
221 4 3 1.14293 2.54989 1.41981 2.50822 -1 -1
222 3 4 0.769051 1.42726 1.37315 1.5668 -1 -1
223 4 3 0.612218 2.29945 1.30317 2.50995 -1 -1
224 4 2 1.01392 3.24816 1.05392 3.24738 -1 -1
225 4 3 0.0194677 3.92833 0.88702 4.1326 -1 -1
226 4 3 0.72172 2.98107 0.815776 3.00237 -1 -1
227 3 2 0.147251 4.13297 0.738405 3.94289 -1 -1
228 3 4 0.544626 1.01493 1.21093 1.2295 -1 -1
229 3 4 0.283221 1.35983 0.522414 1.34016 -1 -1
230 3 4 0.601321 2.27364 0.717043 2.3054 -1 -1
231 3 4 0.734139 0.78281 0.86947 0.746956 -1 -1
232 4 6 0 2.4094 0.918421 2.45359 -1 -1
233 4 1 1.37439 3.96333 1.37439 3.96333 -1 -1
234 3 3 0.455409 1.41305 0.87106 1.47334 -1 -1
235 4 2 0.418572 2.60922 0.47855 2.60759 -1 -1
236 3 1 1.14612 4.15592 1.14612 4.15909 -1 -1
237 3 3 0.405445 0.481561 0.676545 0.551595 -1 -1
238 3 3 0.137081 4.69439 0.794121 4.63195 -1 -1
239 4 3 1.06515 2.07851 1.12168 2.0584 -1 -1
240 4 2 0.810015 4.71381 1.42739 4.65678 -1 -1
241 4 4 0.999187 1.87297 1.26933 1.9466 -1 -1
242 4 1 0.830982 2.41858 0.830982 2.41818 -1 -1
243 4 2 0.296822 2.86934 1.34041 3.05512 -1 -1
244 4 3 0.159984 1.63584 0.388092 1.6326 -1 -1
245 4 2 0.648626 0.159153 0.748613 0.157575 -1 -1
246 4 3 1.10637 2.11088 1.46185 2.05399 -1 -1
247 4 2 0.694667 0.881079 0.911796 0.916502 -1 -1
248 4 4 0.309286 0.90449 0.428066 0.887426 -1 -1
249 3 2 0.19035 3.39524 0.747284 3.45377 -1 -1
250 4 1 0.456888 1.86191 0.456888 1.86191 -1 -1
251 4 4 0.307927 4.94208 0.72991 4.81746 -1 -1
252 3 1 0.292768 2.32705 0.292768 2.32725 -1 -1
253 4 1 0.122348 4.85268 0.122348 4.85268 -1 -1
254 4 2 0.0394458 0.447269 0.614138 0.3506 -1 -1
255 4 4 0.42413 4.17886 0.636364 4.12093 -1 -1
256 3 2 1.28833 3.53373 1.40754 3.52001 -1 -1
257 4 1 1.01553 1.3235 1.01553 1.3235 -1 -1
258 4 3 0.437908 4.37193 0.637884 4.3915 -1 -1
259 4 1 0.838054 0.097048 0.838054 0.093292 -1 -1
260 4 2 0.293214 1.69025 1.24506 1.48428 -1 -1
261 4 2 0.879315 0.797841 1.3254 0.910124 -1 -1
262 4 2 0.650751 1.47632 1.46824 1.4122 -1 -1
263 4 1 0.189209 2.26574 0.189209 2.26569 -1 -1
264 4 2 0.838025 0.902617 1.1984 0.87786 -1 -1
265 4 1 1.32706 1.73599 1.32706 1.73595 -1 -1
266 4 2 0.282745 0.39915 1.47457 0.821839 -1 -1
267 4 1 1.14265 1.78007 1.14265 1.78007 -1 -1
268 4 1 0.394316 4.89855 0.394316 4.89864 -1 -1
269 4 4 0.378274 0.287162 0.764876 0.154264 -1 -1
270 3 4 0.365611 1.70079 0.751219 1.80712 -1 -1
271 4 3 0.115533 4.69805 0.138498 4.6916 -1 -1
272 3 4 0.324666 1.45089 1.18527 1.2928 -1 -1
273 3 3 0.665027 1.4529 1.11027 1.35004 -1 -1
274 3 1 0.499416 4.4753 0.499416 4.47663 -1 -1
275 4 1 0.476116 4.37585 0.476116 4.3759 -1 -1
276 4 1 0.0830314 4.74016 0.0830314 4.74016 -1 -1
277 4 4 0.791091 0.712079 1.20954 0.676056 -1 -1
278 4 4 0.648205 4.0742 1.40136 3.97245 -1 -1
279 4 1 1.0432 2.87551 1.0432 2.87667 -1 -1
280 4 1 0.996729 3.51444 0.996729 3.51444 -1 -1
281 4 4 1.03789 1.424 1.15576 1.44652 -1 -1
282 4 3 0.153915 3.86228 0.346764 3.91704 -1 -1
283 4 4 1.26952 3.79358 1.46393 3.84054 -1 -1
284 3 3 0.0205754 0.413281 0.853318 0.303097 -1 -1
285 4 1 0.840785 3.31229 0.840785 3.31229 -1 -1
286 4 1 0.880597 3.73388 0.880597 3.73397 -1 -1
287 4 3 0.759178 3.99842 0.898639 4.0107 -1 -1
288 4 4 0.451421 3.14065 1.499 3.42793 -1 -1
289 4 4 0.300955 3.88195 0.333666 3.87013 -1 -1
290 3 2 1.18227 3.37138 1.22071 3.3603 -1 -1
291 4 1 1.31459 3.99712 1.31459 3.99712 -1 -1
292 4 2 0.450412 2.53547 0.525968 2.50918 -1 -1
293 4 2 1.13048 1.5066 1.39561 1.41657 -1 -1
294 3 1 0.444696 0.770252 0.444696 0.768215 -1 -1
295 4 3 0.479395 1.91137 0.976063 1.93632 -1 -1
296 4 2 0.0380443 1.16618 1.27523 0.764413 -1 -1
297 4 1 0.513642 4.52802 0.513642 4.52802 -1 -1
298 4 1 1.09922 2.00953 1.09922 2.00953 -1 -1
299 4 5 0.789178 5 1.16547 4.94225 -1 -1
300 4 1 1.3218 2.0895 1.3218 2.0895 -1 -1
301 3 4 0.223129 1.93243 0.452417 2.00333 -1 -1
302 4 4 0.564545 1.18745 0.681067 1.21613 -1 -1
303 4 2 0.419619 4.34736 0.721124 4.44246 -1 -1
304 4 2 0.225915 1.61524 0.457663 1.67763 -1 -1
305 4 6 0 4.02261 1.00837 3.97741 -1 -1
306 4 4 0.300253 0.996408 0.639294 0.970891 -1 -1
307 4 3 0.611378 3.09883 0.827037 3.16559 -1 -1
308 4 1 1.09569 3.28194 1.09569 3.28194 -1 -1
309 4 4 0.906496 4.97493 1.42518 4.938 -1 -1
310 4 2 0.531461 0.41287 0.590752 0.403676 -1 -1
311 4 4 0.209504 0.42375 0.49143 0.526304 -1 -1
312 4 1 1.00337 1.48612 1.00337 1.48413 -1 -1
313 4 4 0.438045 1.85403 0.53804 1.85502 -1 -1
314 4 1 0.549874 2.75702 0.549874 2.75702 -1 -1
315 4 4 0.0305788 3.30372 0.656419 3.4376 -1 -1
316 3 2 0.184773 2.84796 1.10065 2.79548 -1 -1
317 4 1 1.35346 4.78187 1.35346 4.78187 -1 -1
318 4 2 1.02446 0.506217 1.31924 0.561978 -1 -1
319 3 3 0.565839 4.21784 1.29167 3.97153 -1 -1
320 4 2 0.076503 1.74736 1.0438 2.00099 -1 -1
321 4 2 0.806128 1.72875 1.04058 1.78005 -1 -1
322 3 3 0.661879 0.0958549 1.44322 0.362481 -1 -1
323 3 2 0.699882 1.19555 0.93051 1.12914 -1 -1
324 3 3 0.138957 1.302 0.238793 1.30771 -1 -1
325 4 2 0.605503 4.66702 1.39352 4.93678 -1 -1
326 4 3 1.15801 1.82824 1.47366 1.84678 -1 -1
327 4 1 0.703749 3.83265 0.703749 3.83151 -1 -1
328 4 4 0.415344 4.34335 1.3646 4.01146 -1 -1
329 4 4 0.495233 1.42742 0.973587 1.46713 -1 -1
330 4 1 0.809495 3.99623 0.809495 3.9977 -1 -1
331 4 2 1.26097 2.96383 1.44087 2.96974 -1 -1
332 4 2 0.639917 1.77315 0.891708 1.70833 -1 -1
333 4 1 0.531856 1.57323 0.531856 1.57376 -1 -1
334 4 1 0.327637 3.87494 0.327637 3.8756 -1 -1
335 4 1 1.1168 0.672645 1.1168 0.672645 -1 -1
336 3 1 0.429523 0.347348 0.429523 0.347651 -1 -1
337 3 5 0.446158 4.78783 1.27825 5 -1 -1
338 4 3 0.763175 3.79657 1.10654 3.68839 -1 -1
339 4 6 0 0.493827 0.72694 0.390107 -1 -1
340 3 1 1.05631 4.18851 1.05631 4.18851 -1 -1
341 4 3 0.492202 3.66744 1.17288 3.50409 -1 -1
342 4 4 0.419941 2.34301 0.775961 2.33706 -1 -1
343 4 1 0.361923 0.176432 0.361923 0.178023 -1 -1
344 4 2 0.0188057 0.493407 0.323163 0.383227 -1 -1
345 4 2 0.0695277 1.94879 0.749256 1.968 -1 -1
346 4 2 1.18758 2.60871 1.38534 2.6386 -1 -1
347 4 1 1.19665 4.07533 1.19665 4.07533 -1 -1
348 4 2 0.59932 1.88069 0.731001 1.83315 -1 -1
349 4 1 0.847655 3.27582 0.847655 3.28208 -1 -1
350 4 4 0.328041 4.04888 0.706937 4.07782 -1 -1
351 3 4 0.316305 1.54103 1.48008 1.64764 -1 -1
352 4 1 1.10961 2.13596 1.10961 2.1358 -1 -1
353 3 3 0.941778 3.20417 1.18074 3.22041 -1 -1
354 4 3 0.0978328 4.18242 1.49164 4.47741 -1 -1
355 4 2 0.0163284 0.843253 0.32818 0.915008 -1 -1
356 3 4 1.38613 1.17427 1.44582 1.16814 -1 -1
357 4 2 0.312517 2.2837 0.811251 2.31927 -1 -1
358 4 4 0.743312 4.32595 0.882159 4.34388 -1 -1
359 4 4 0.128392 1.83364 1.20988 1.54246 -1 -1
360 4 2 0.754371 4.71493 1.24709 4.62991 -1 -1
361 4 2 1.27046 3.05902 1.30972 3.06668 -1 -1
362 4 2 0.154758 3.87028 0.309562 3.91072 -1 -1
363 3 4 0.382191 3.1474 1.49143 3.41046 -1 -1
364 3 4 0.0245011 0.967287 0.737655 1.1648 -1 -1
365 4 3 0.0599995 0.0172912 1.26413 0.0223888 -1 -1
366 4 1 0.525106 2.57162 0.525106 2.57079 -1 -1
367 4 2 0.586264 2.64728 0.70551 2.63385 -1 -1
368 3 1 0.952813 1.60524 0.952813 1.60629 -1 -1
369 4 4 0.0577555 0.217669 0.459293 0.104642 -1 -1
370 4 2 0.0261097 1.72828 1.44912 1.50775 -1 -1
371 4 1 0.634194 2.70353 0.634194 2.70353 -1 -1
372 3 4 0.183903 1.31757 1.14347 1.2888 -1 -1
373 3 4 0.0166564 4.42058 0.493046 4.47934 -1 -1
374 4 2 0.0393641 0.4251 1.47897 0.684912 -1 -1
375 4 1 0.172908 2.68798 0.172908 2.69357 -1 -1
376 3 4 0.817401 0.124106 1.03353 0.16521 -1 -1
377 3 4 0.625616 2.0073 0.78543 2.01501 -1 -1
378 3 1 1.01833 0.220966 1.01833 0.219434 -1 -1
379 4 4 0.893344 2.41538 1.39741 2.28766 -1 -1
380 4 2 0.249289 0.777075 1.28896 0.750939 -1 -1
381 3 3 0.0312099 3.27494 0.843093 3.35381 -1 -1
382 4 2 0.659494 2.68861 0.897057 2.72272 -1 -1
383 4 4 0.645876 2.14971 1.28308 2.32166 -1 -1
384 4 2 0.662783 1.99127 1.49345 1.80071 -1 -1
385 4 1 1.37061 0.447098 1.37061 0.447098 -1 -1
386 3 2 0.981822 2.75319 1.42449 2.90809 -1 -1
387 4 3 0.558457 3.85561 0.922902 3.75341 -1 -1
388 4 2 0.0338056 0.51313 0.873273 0.483233 -1 -1
389 4 2 0.117384 2.50629 0.21349 2.53392 -1 -1
390 4 4 0.734271 0.941947 1.12971 0.800427 -1 -1
391 4 1 0.805147 0.0105929 0.805147 0.0105929 -1 -1
392 4 3 0.629385 1.70449 1.12377 1.61331 -1 -1
393 3 4 0.454319 4.31286 0.972416 4.16063 -1 -1
394 4 2 0.156288 3.15596 1.01278 2.96819 -1 -1
395 4 2 0.136997 1.04574 1.1461 1.25819 -1 -1
396 3 1 0.992425 2.91577 0.992425 2.91577 -1 -1
397 4 2 0.717209 3.4251 0.852741 3.46019 -1 -1
398 4 2 0.803066 3.50913 0.900503 3.48664 -1 -1
399 4 3 0.0195071 0.606693 0.0685423 0.595601 -1 -1
400 4 6 0 2.58557 0.639325 2.51165 -1 -1
401 3 2 0.416423 2.44322 1.44873 2.31697 -1 -1
402 3 3 0.843284 1.2418 1.2395 1.18693 -1 -1
403 3 4 0.407475 2.71471 1.44102 2.59902 -1 -1
404 4 3 0.498816 4.57555 1.47191 4.64264 -1 -1
405 4 1 1.13312 4.87415 1.13312 4.87513 -1 -1
406 3 5 0.113655 0.238863 1.1122 0 -1 -1
407 3 2 0.112637 3.81815 0.73116 3.65374 -1 -1
408 3 4 0.0557732 0.714163 1.34209 0.504001 -1 -1
409 4 3 0.0635639 4.41213 1.32774 4.8565 -1 -1
410 4 1 0.197009 1.83546 0.197009 1.83526 -1 -1
411 4 4 0.628199 0.878013 1.0558 0.981722 -1 -1
412 4 1 0.726133 2.63103 0.726133 2.63144 -1 -1
413 3 1 1.27218 3.48919 1.27218 3.49001 -1 -1
414 4 1 0.62112 1.02111 0.62112 1.02148 -1 -1
415 4 4 1.26497 0.233512 1.41554 0.197833 -1 -1
416 4 2 0.453345 3.24334 1.02518 3.44229 -1 -1
417 3 4 0.0547243 3.79183 0.630528 3.94574 -1 -1
418 4 1 0.662788 2.26657 0.662788 2.26696 -1 -1
419 4 6 0 2.28702 0.254767 2.32931 -1 -1
420 3 4 0.493192 4.59279 1.47546 4.31794 -1 -1
421 4 3 0.234819 1.63739 1.11212 1.9144 -1 -1
422 3 2 1.06308 4.43453 1.12131 4.44898 -1 -1
423 3 2 0.59065 2.68876 0.74161 2.74178 -1 -1
424 4 4 0.0195252 1.40208 0.713783 1.55611 -1 -1
425 4 4 1.19289 3.24717 1.29282 3.24368 -1 -1
426 4 5 0.384692 0 1.1215 0.219854 -1 -1
427 3 3 0.628965 3.24803 0.8503 3.31641 -1 -1
428 4 4 0.224833 3.41353 0.928137 3.18339 -1 -1
429 4 3 0.741632 3.21237 1.03953 3.30943 -1 -1
430 3 1 1.37156 4.88081 1.37156 4.88255 -1 -1
431 3 3 0.674036 0.810086 1.38004 0.79097 -1 -1
432 4 6 0 3.69381 1.26833 3.46604 -1 -1
433 4 3 0.404636 3.18971 1.22273 3.24556 -1 -1
434 4 4 0.804713 1.95643 1.26375 1.92668 -1 -1
435 4 3 0.699978 1.94827 1.29046 1.84185 -1 -1
436 4 3 0.325889 1.50977 1.34853 1.69902 -1 -1
437 3 3 0.282561 4.33871 0.323366 4.3418 -1 -1
438 3 1 1.1801 4.46424 1.1801 4.46694 -1 -1
439 4 3 0.215344 3.92547 0.968745 4.08299 -1 -1
440 4 3 0.0797398 4.49609 0.138591 4.50777 -1 -1
441 4 3 0.460522 2.99781 0.91796 2.86337 -1 -1
442 4 4 0.0950924 4.74272 0.721544 4.53888 -1 -1
443 4 2 0.0597847 3.52896 1.01262 3.44802 -1 -1
444 4 1 1.14154 3.16235 1.14154 3.1634 -1 -1
445 4 1 1.01421 3.39418 1.01421 3.39418 -1 -1
446 4 5 0.49661 5 1.14718 4.80006 -1 -1
447 4 2 0.130451 3.42837 0.50991 3.44866 -1 -1
448 4 4 0.137853 4.22121 0.540255 4.34152 -1 -1
449 3 1 0.152677 4.033 0.152677 4.03363 -1 -1
450 3 3 1.31586 2.6376 1.46003 2.64344 -1 -1
451 4 4 0.233361 0.241314 0.39904 0.281115 -1 -1
452 4 4 0.39558 3.45736 0.574992 3.44282 -1 -1
453 4 3 0.159804 1.10824 0.764601 1.07825 -1 -1
454 4 1 1.04498 2.30454 1.04498 2.30541 -1 -1
455 4 4 0.381323 0.794593 0.761621 0.918583 -1 -1
456 4 2 0.14955 3.55311 0.668419 3.5874 -1 -1
457 4 1 0.77722 4.51734 0.77722 4.51733 -1 -1
458 4 2 0.41974 0.150699 0.515195 0.120896 -1 -1
459 3 2 0.0829202 4.79093 1.46264 4.76303 -1 -1
460 4 3 0.535111 4.08593 0.800688 3.99723 -1 -1
461 3 2 0.151023 1.52585 0.684728 1.60806 -1 -1
462 4 4 0.553912 3.94533 1.499 3.80483 -1 -1
463 4 2 0.136683 3.51362 0.626699 3.68765 -1 -1
464 4 2 0.00316146 0.94038 0.0607867 0.923667 -1 -1
465 4 5 0.779014 5 1.02872 4.9094 -1 -1
466 3 3 0.80884 3.07321 1.40271 2.93218 -1 -1
467 4 4 0.0993458 4.96488 0.259292 4.96072 -1 -1
468 4 1 0.0564473 3.16958 0.0564473 3.17006 -1 -1
469 4 1 0.919369 1.65817 0.919369 1.65781 -1 -1
470 4 1 0.584104 3.06776 0.584104 3.06902 -1 -1
471 4 6 0 3.74457 0.480317 3.64546 -1 -1
472 3 3 0.686555 1.91047 0.824721 1.92684 -1 -1
473 4 1 1.21297 2.13896 1.21297 2.13896 -1 -1
474 4 1 0.532694 3.13357 0.532694 3.13357 -1 -1
475 4 1 0.572769 1.28474 0.572769 1.28474 -1 -1
476 4 2 0.445131 4.15692 1.25223 4.30183 -1 -1
477 3 4 0.0262417 3.45489 1.34051 3.55995 -1 -1
478 4 4 0.867267 2.12543 0.987149 2.13075 -1 -1
479 4 3 0.134892 0.880635 0.487085 0.782797 -1 -1
480 4 2 0.0682178 3.87999 1.28476 3.63993 -1 -1
481 4 4 1.02615 1.952 1.08264 1.9722 -1 -1
482 3 4 0.0362815 0.505968 1.22822 0.245796 -1 -1
483 4 4 0.370432 1.51575 0.586283 1.55827 -1 -1
484 4 4 0.514554 0.485307 0.851624 0.440765 -1 -1
485 4 3 0.27816 4.34069 1.45575 4.47635 -1 -1
486 4 4 0.359741 0.477825 1.08693 0.340739 -1 -1
487 4 2 0.348817 1.71761 0.525086 1.75407 -1 -1
488 4 3 0.214078 0.466467 0.437367 0.413585 -1 -1
489 3 7 0.0113889 0.28271 1.5 0.0495561 -1 -1
490 4 4 0.236181 3.56361 0.734754 3.60136 -1 -1
491 3 3 0 0.77654 1.40067 0.939221 -1 -1
492 4 1 0.168189 0.115524 0.168189 0.114087 -1 -1
493 4 1 1.28969 3.54794 1.28969 3.54794 -1 -1
494 3 3 0.180987 4.74115 1.32021 4.6858 -1 -1
495 3 4 0.290395 2.7052 1.4411 2.92878 -1 -1
496 3 7 1.16541 4.16688 1.5 4.24818 -1 -1
497 4 3 0.319582 2.59329 1.29431 2.5434 -1 -1
498 4 4 1.23534 2.88418 1.47525 2.87749 -1 -1
499 4 4 0.539062 1.27105 1.499 1.21439 -1 -1
