#index type state x1 y1 x2 y2 bleached_x1 bleached_x2 
#t=2
0 4 1 0.567017 3.88273 0.567017 3.88376 -1 -1
1 4 4 0.596176 0.847172 1.42659 0.720602 -1 -1
2 4 4 0.196766 2.12491 0.531361 2.064 -1 -1
3 4 3 0.757082 1.72747 0.933158 1.69009 -1 -1
4 3 1 1.4847 3.54443 1.4847 3.54557 -1 -1
5 4 1 1.04921 3.48682 1.04921 3.48682 -1 -1
6 4 4 0.204674 0.406323 1.07084 0.650781 -1 -1
7 4 4 0.143439 0.101094 0.663352 0.110621 -1 -1
8 3 4 0.883194 3.1351 0.981596 3.1173 -1 -1
9 3 2 0.477449 1.48728 0.709363 1.54905 -1 -1
10 4 1 1.07129 1.09475 1.07129 1.09723 -1 -1
11 3 4 0.185043 3.5392 1.00106 3.61988 -1 -1
12 3 2 0.302755 1.52648 0.965379 1.30081 -1 -1
13 4 2 0.135599 2.76452 1.31688 3.06793 -1 -1
14 4 4 0.217385 1.12626 1.499 1.30725 -1 -1
15 4 2 0.01955 1.28124 1.499 1.6005 -1 -1
16 4 1 1.02489 0.73291 1.02489 0.73291 -1 -1
17 4 1 0.353045 3.60575 0.353045 3.60575 -1 -1
18 4 2 0.931575 1.30369 1.44276 1.39902 -1 -1
19 3 1 1.44427 2.5256 1.44427 2.52502 -1 -1
20 4 4 0.369666 0.560576 0.549011 0.545231 -1 -1
21 4 4 0.201512 2.81537 0.379593 2.84159 -1 -1
22 4 2 0.0648485 1.75733 0.103099 1.76903 -1 -1
23 4 4 0.186411 3.99206 0.497424 4.06737 -1 -1
24 4 1 0.578317 3.21825 0.578317 3.2182 -1 -1
25 3 4 0.193392 3.71468 0.505112 3.6442 -1 -1
26 4 1 0.950488 2.38351 0.950488 2.38351 -1 -1
27 4 6 0 3.29388 0.273232 3.38339 -1 -1
28 3 1 1.3458 0.966771 1.3458 0.966412 -1 -1
29 4 4 1.03314 0.341317 1.499 0.395085 -1 -1
30 4 2 0.619978 1.7596 1.40979 1.75301 -1 -1
31 4 3 1.24276 0.22356 1.26269 0.225257 -1 -1
32 4 2 0.47976 3.54657 1.44977 3.51589 -1 -1
33 3 2 0.10554 1.27351 0.802839 1.33494 -1 -1
34 4 3 0.247862 0.781578 1.45503 0.399197 -1 -1
35 4 2 0.0943213 0.145308 1.2091 0.53792 -1 -1
36 4 1 0.472793 4.37502 0.472793 4.37502 -1 -1
37 4 2 1.08585 1.90325 1.29425 1.83273 -1 -1
38 4 1 1.31866 4.34341 1.31866 4.34341 -1 -1
39 3 2 0.268336 2.50693 0.788331 2.50934 -1 -1
40 4 1 0.455877 2.50072 0.455877 2.5025 -1 -1
41 4 4 0.0984824 4.49327 0.252628 4.45038 -1 -1
42 4 4 0.593172 1.72843 0.71154 1.7087 -1 -1
43 4 1 0.171517 1.84614 0.171517 1.84009 -1 -1
44 4 4 0.292267 2.35152 1.499 2.06194 -1 -1
45 3 1 0.494612 3.99817 0.494612 4.00103 -1 -1
46 3 4 0.102349 2.14692 1.2792 2.3815 -1 -1
47 4 3 0.859007 3.91381 1.44859 3.80248 -1 -1
48 4 4 0.340658 2.3808 0.379525 2.37135 -1 -1
49 4 3 0.506865 0.961111 0.877779 0.87851 -1 -1
50 3 2 0.143265 4.05574 0.773724 3.9326 -1 -1
51 4 1 0.0910961 0.816236 0.0910961 0.81485 -1 -1
52 4 6 0 1.82945 0.554755 1.74383 -1 -1
53 4 2 0.069379 3.01248 0.53669 2.90284 -1 -1
54 4 1 0.571226 3.39601 0.571226 3.39659 -1 -1
55 4 2 0.488758 0.24228 1.20127 0.345876 -1 -1
56 4 2 0.740013 1.8053 0.918337 1.78079 -1 -1
57 3 1 0.466392 2.73481 0.466392 2.73454 -1 -1
58 3 1 0.788518 3.36206 0.788518 3.36213 -1 -1
59 4 2 0.415267 0.186782 0.471836 0.20678 -1 -1
60 4 2 1.20884 1.18608 1.39982 1.24548 -1 -1
61 4 6 0 0.59896 0.884243 0.466724 -1 -1
62 4 4 0.0937092 3.84691 0.211605 3.86928 -1 -1
63 4 4 0.486881 1.32723 1.17483 1.1979 -1 -1
64 4 4 0.336484 1.2773 0.914429 1.22852 -1 -1
65 4 2 0.24109 3.92793 0.539431 3.89642 -1 -1
66 4 1 1.11817 3.40998 1.11817 3.40789 -1 -1
67 4 2 0.0380454 3.49987 1.36083 3.9293 -1 -1
68 3 3 0.059625 1.81381 1.22242 1.6598 -1 -1
69 4 1 1.45591 0.327609 1.45591 0.327609 -1 -1
70 4 2 0.0267516 4.39299 0.511163 4.26911 -1 -1
71 4 3 0.370922 2.7299 1.46838 2.48562 -1 -1
72 3 4 0.0180902 4.20239 0.274968 4.16222 -1 -1
73 4 6 0 3.15925 0.889753 3.34555 -1 -1
74 4 3 0.119782 3.8899 0.857351 3.84536 -1 -1
75 3 2 0.054283 3.94419 0.344832 3.86949 -1 -1
76 4 3 1.27928 0.544091 1.39055 0.540355 -1 -1
77 4 4 1.11801 1.43102 1.25205 1.3906 -1 -1
78 4 2 1.28245 4.69166 1.32206 4.69718 -1 -1
79 4 3 0.641198 4.28206 1.00145 4.36994 -1 -1
80 4 2 1.08378 4.63548 1.29847 4.58742 -1 -1
81 4 4 0.526587 1.01177 0.744731 0.983247 -1 -1
82 3 4 1.13413 2.36659 1.36977 2.32106 -1 -1
83 3 3 0.0107593 4.46548 1.27137 4.06296 -1 -1
84 4 6 0 2.5551 0.117435 2.55796 -1 -1
85 4 4 0.221987 3.57294 0.380871 3.5918 -1 -1
86 4 4 0.21272 1.81518 1.29024 2.09947 -1 -1
87 4 1 0.813113 2.69243 0.813113 2.69243 -1 -1
88 4 4 0.399972 3.54658 1.13118 3.5379 -1 -1
89 4 6 0 1.30386 0.250233 1.31968 -1 -1
90 3 1 0.380297 0.49238 0.380297 0.491294 -1 -1
91 4 3 0.155828 4.16939 0.257217 4.14577 -1 -1
92 4 1 0.509108 4.72582 0.509108 4.72582 -1 -1
93 4 3 0.839698 3.19604 1.30444 3.18357 -1 -1
94 4 4 0.512001 1.82336 1.499 2.15421 -1 -1
95 4 3 0.499605 4.39252 1.33462 4.35933 -1 -1
96 4 3 0.778316 2.40663 1.0557 2.38837 -1 -1
97 4 2 0.0401553 3.69519 0.56885 3.80511 -1 -1
98 4 2 0.55504 2.561 1.49273 2.62682 -1 -1
99 4 4 0.679757 4.31803 1.34118 4.30033 -1 -1
100 4 1 0.863221 0.211548 0.863221 0.211548 -1 -1
101 4 3 0.832874 3.17219 1.0204 3.22043 -1 -1
102 3 3 0.0197953 2.68151 1.22383 2.88261 -1 -1
103 4 4 0.0498742 4.44378 0.421077 4.36249 -1 -1
104 4 1 1.04065 4.67973 1.04065 4.67973 -1 -1
105 4 1 1.1884 4.41189 1.1884 4.41189 -1 -1
106 4 3 0.0194256 2.84469 0.552755 2.71404 -1 -1
107 4 1 0.768832 1.3731 0.768832 1.37286 -1 -1
108 4 1 1.33059 2.61631 1.33059 2.61853 -1 -1
109 4 1 0.810833 0.498386 0.810833 0.498411 -1 -1
110 4 2 0.458407 0.148232 0.616002 0.0992942 -1 -1
111 4 4 0.0633853 2.08196 1.29426 2.35131 -1 -1
112 3 4 0.560804 0.959859 0.617645 0.979071 -1 -1
113 4 2 0.436831 0.276599 0.756821 0.279202 -1 -1
114 4 1 0.191919 2.16525 0.191919 2.16451 -1 -1
115 4 1 0.0817414 0.497875 0.0817414 0.50148 -1 -1
116 4 4 0.305182 2.6554 0.500862 2.61406 -1 -1
117 4 3 1.29253 4.2343 1.33146 4.24347 -1 -1
118 3 2 0.00537278 1.91734 0.947011 1.76692 -1 -1
119 4 1 0.117394 1.13338 0.117394 1.13338 -1 -1
120 4 4 0.70382 0.0101742 1.32211 0.0561642 -1 -1
121 3 3 0.479641 3.69161 1.21535 3.77114 -1 -1
122 4 2 0.00931861 1.05513 0.242847 1.11048 -1 -1
123 4 4 0.85632 2.13633 1.48219 2.00259 -1 -1
124 4 2 1.30537 1.02825 1.38478 1.03792 -1 -1
125 4 2 0.96618 1.59521 1.1404 1.54994 -1 -1
126 4 2 0.713841 3.89064 1.14757 3.81661 -1 -1
127 3 4 0.162523 2.91149 0.426853 2.81675 -1 -1
128 4 4 1.35103 2.84572 1.44821 2.82214 -1 -1
129 4 3 0.5183 4.73888 1.01274 4.6988 -1 -1
130 3 3 0.68257 4.39134 0.74257 4.39139 -1 -1
131 4 1 1.32914 1.85382 1.32914 1.85382 -1 -1
132 3 3 0.77385 1.52873 1.16091 1.62963 -1 -1
133 4 2 0.33782 3.28504 0.537819 3.28541 -1 -1
134 4 2 0.760102 1.41733 0.799594 1.41098 -1 -1
135 3 4 0.796276 3.42093 0.986635 3.48228 -1 -1
136 4 4 0.39436 2.1612 1.32176 2.0078 -1 -1
137 4 4 0.193978 3.8903 0.93384 3.90461 -1 -1
138 4 4 1.05123 4.76089 1.24181 4.70026 -1 -1
139 3 1 0.951997 1.82493 0.951997 1.82473 -1 -1
140 3 4 0.916016 0.518792 1.49286 0.57919 -1 -1
141 4 2 2.08167e-17 2.34578 0.978436 2.05823 -1 -1
142 3 3 0.768442 4.24903 0.826756 4.23491 -1 -1
143 4 6 0 2.82681 0.51295 2.78071 -1 -1
144 3 2 0.953323 2.81654 1.32281 2.75046 -1 -1
145 3 2 0.583034 4.26977 1.47397 3.97005 -1 -1
146 3 2 0.738283 4.7674 0.955651 4.80133 -1 -1
147 3 3 0.132756 1.93741 1.04768 2.10674 -1 -1
148 4 2 1.0978 2.57885 1.23464 2.60845 -1 -1
149 3 4 0.14318 0.344793 1.42244 0.668413 -1 -1
150 4 1 0.0248146 2.29087 0.0248146 2.29423 -1 -1
151 4 3 0.535558 3.59732 0.836639 3.55847 -1 -1
152 4 4 1.08062 4.25976 1.11972 4.26819 -1 -1
153 4 1 0.495371 4.34906 0.495371 4.34611 -1 -1
154 4 2 0.378268 2.62739 0.725468 2.50801 -1 -1
155 4 2 0.199867 1.16732 0.821903 1.14466 -1 -1
156 4 2 0.19996 3.37101 1.09412 3.38895 -1 -1
157 3 2 0.490363 1.44036 1.18096 1.38679 -1 -1
158 4 1 1.25153 3.61912 1.25153 3.61912 -1 -1
159 4 1 0.70574 3.14017 0.70574 3.1367 -1 -1
160 4 1 1.28561 1.91214 1.28561 1.91125 -1 -1
161 3 1 0.0831074 4.0231 0.0831074 4.0231 -1 -1
162 3 4 0.155739 3.27139 1.4803 3.06857 -1 -1
163 3 2 0.61551 3.74007 0.735231 3.73189 -1 -1
164 4 3 0.51454 0.578301 0.813535 0.534627 -1 -1
165 4 2 0.525356 3.64926 1.44531 3.64032 -1 -1
166 3 3 1.09048 4.08359 1.10283 4.08507 -1 -1
167 4 3 0.98 1.6856 1.29017 1.68538 -1 -1
168 3 2 0.376358 2.99067 0.955197 3.02734 -1 -1
169 4 3 0.878074 4.83747 1.00836 4.82884 -1 -1
170 4 2 0.154259 0.294742 0.39408 0.304004 -1 -1
171 4 4 0.525752 2.82868 0.68541 2.81822 -1 -1
172 4 3 0.275923 0.15748 0.45693 0.188713 -1 -1
173 4 4 1.06741 4.82719 1.10639 4.81819 -1 -1
174 3 3 0.721321 2.34845 1.25712 2.28124 -1 -1
175 4 4 1.18874 0 1.32299 0.0283359 -1 -1
176 3 4 0.142861 1.26323 1.07298 1.49429 -1 -1
177 4 4 0.536104 3.46136 1.09302 3.40272 -1 -1
178 3 3 0.833031 4.76252 1.31931 4.87884 -1 -1
179 4 3 0.765636 0.460917 1.26506 0.363722 -1 -1
180 4 2 0.613508 4.99084 0.929638 4.95438 -1 -1
181 4 2 0.193736 1.97221 0.872852 1.93755 -1 -1
182 4 2 0.76587 1.26709 1.33252 1.39082 -1 -1
183 4 4 0.822869 4.41765 1.3611 4.46136 -1 -1
184 4 3 0.282717 1.45081 0.926024 1.67916 -1 -1
185 3 3 1.15098 4.59836 1.26633 4.56531 -1 -1
186 3 1 0.803203 3.04748 0.803203 3.04865 -1 -1
187 4 2 0.56143 4.65073 0.854832 4.58816 -1 -1
188 4 2 0.10822 3.43582 1.09966 3.30522 -1 -1
189 4 4 0.178251 3.78199 0.516626 3.81519 -1 -1
190 4 2 0.391382 4.90574 1.46315 4.77263 -1 -1
191 4 5 0.00912171 5 1.28234 4.75145 -1 -1
192 3 2 0.0673432 0.435124 0.805703 0.686569 -1 -1
193 4 1 1.19109 3.67719 1.19109 3.68121 -1 -1
194 3 3 1.35354 1.92125 1.44317 1.95162 -1 -1
195 4 4 0.367501 2.04118 0.426054 2.02808 -1 -1
196 4 4 0.139849 4.08959 0.964847 4.05122 -1 -1
197 3 2 0.800506 2.50078 0.895889 2.47075 -1 -1
198 4 4 1.02602 3.43563 1.4312 3.54622 -1 -1
199 3 1 1.23289 1.9176 1.23289 1.91882 -1 -1
200 4 4 0.238049 3.1516 1.47827 2.99247 -1 -1
201 3 2 0.023006 3.15864 0.422162 3.18461 -1 -1
202 4 2 1.07416 4.90289 1.30213 4.82786 -1 -1
203 4 3 0.339501 1.17681 0.940181 1.14425 -1 -1
204 3 1 0.840494 2.7055 0.840494 2.70273 -1 -1
205 4 2 0.138973 3.91245 1.499 3.74684 -1 -1
206 4 2 0.147106 2.46606 1.30654 2.24669 -1 -1
207 4 1 0.247478 2.37861 0.247478 2.37861 -1 -1
208 4 1 1.21016 4.9011 1.21016 4.90575 -1 -1
209 4 6 0 3.09747 0.710133 3.15264 -1 -1
210 3 2 0.518745 1.80816 1.37793 1.77083 -1 -1
211 4 4 0.319945 0.181449 1.32097 0.16293 -1 -1
212 4 4 0.0592183 1.16418 1.21601 0.975598 -1 -1
213 3 4 0.0222882 2.84917 1.2739 2.9943 -1 -1
214 4 2 0.736905 2.55083 1.28845 2.64778 -1 -1
215 3 4 0.641759 1.50493 1.42059 1.24837 -1 -1
216 3 4 0.282014 2.21004 0.441886 2.20366 -1 -1
217 4 1 0.496489 0.650315 0.496489 0.650315 -1 -1
218 3 4 0.97599 3.56327 1.32593 3.47878 -1 -1
219 3 4 0.443957 1.21093 0.576289 1.25663 -1 -1
220 4 6 0 1.44162 0.426037 1.55567 -1 -1
221 4 2 1.3407 2.52013 1.41981 2.50822 -1 -1
222 3 1 1.28798 0.274869 1.28798 0.274199 -1 -1
223 4 2 1.01399 2.42185 1.30317 2.50995 -1 -1
224 4 3 0.0383293 4.03596 0.532448 3.88849 -1 -1
225 4 2 0.0389353 3.93292 0.88702 4.1326 -1 -1
226 4 2 0.230598 2.86984 0.815776 3.00237 -1 -1
227 3 3 0.147251 4.13297 0.662245 3.96737 -1 -1
228 3 1 0.129977 2.64615 0.129977 2.64433 -1 -1
229 3 4 0.283221 1.35983 0.522414 1.34016 -1 -1
230 3 3 0.17392 4.93728 0.419441 4.85173 -1 -1
231 3 4 0.734139 0.78281 0.86947 0.746956 -1 -1
232 4 6 0 2.4094 0.918421 2.45359 -1 -1
233 4 2 0.957053 3.91614 1.37439 3.96333 -1 -1
234 3 1 1.00807 4.45969 1.00807 4.4601 -1 -1
235 4 1 0.0623261 2.6665 0.0623261 2.66345 -1 -1
236 3 3 0.237363 1.92912 0.276949 1.93486 -1 -1
237 3 3 0.405445 0.481561 1.37366 0.731681 -1 -1
238 3 2 0.137081 4.69439 0.176901 4.6906 -1 -1
239 4 2 0.650599 2.22597 1.12168 2.0584 -1 -1
240 4 1 0.329765 2.77243 0.329765 2.7686 -1 -1
241 4 4 0.999187 1.87297 1.26933 1.9466 -1 -1
242 4 3 0.539321 2.40354 0.830982 2.41818 -1 -1
243 4 4 0.926915 2.98151 1.34041 3.05512 -1 -1
244 4 3 0.219978 1.63499 0.388092 1.6326 -1 -1
245 4 2 0.322844 1.16974 0.862005 1.13965 -1 -1
246 4 1 1.27482 0.39316 1.27482 0.39316 -1 -1
247 4 1 0.929285 1.44735 0.929285 1.44806 -1 -1
248 4 4 0.309286 0.90449 0.428066 0.887426 -1 -1
249 3 1 0.017816 2.76097 0.017816 2.75614 -1 -1
250 4 2 0.0791076 1.82089 0.456888 1.86191 -1 -1
251 4 4 0.307927 4.94208 0.72991 4.81746 -1 -1
252 3 3 0.292768 2.32705 1.30514 2.09292 -1 -1
253 4 3 0.409041 0.728891 1.17098 0.48507 -1 -1
254 4 2 0.433904 0.380917 0.614138 0.3506 -1 -1
255 4 4 0.42413 4.17886 0.636364 4.12093 -1 -1
256 3 3 1.14025 0.800706 1.32931 0.863982 -1 -1
257 4 1 0.755212 3.61386 0.755212 3.61466 -1 -1
258 4 2 0.438835 4.37202 0.637884 4.3915 -1 -1
259 4 2 0.665543 0.0419136 0.838054 0.093292 -1 -1
260 4 2 1.15331 1.50414 1.24506 1.48428 -1 -1
261 4 3 0.532331 0.120857 0.912307 0.0561246 -1 -1
262 4 3 0.890016 1.45755 1.46824 1.4122 -1 -1
263 4 2 0.149209 2.26553 0.189209 2.26569 -1 -1
264 4 2 0.0798119 0.954705 1.1984 0.87786 -1 -1
265 4 3 0.439998 1.73309 1.32706 1.73595 -1 -1
266 4 3 0.452391 0.459316 1.47457 0.821839 -1 -1
267 4 1 0.105017 2.50559 0.105017 2.50287 -1 -1
268 4 6 0 4.96213 0.394316 4.89864 -1 -1
269 4 2 0.348775 0.297302 0.764876 0.154264 -1 -1
270 3 4 0.365611 1.70079 0.751219 1.80712 -1 -1
271 4 1 0.657043 1.95375 0.657043 1.94941 -1 -1
272 3 7 0.324666 1.45089 1.5 1.23499 -1 -1
273 3 2 0.665027 1.4529 0.82092 1.41689 -1 -1
274 3 2 0.499416 4.4753 1.41038 4.34669 -1 -1
275 4 2 0.158426 4.41428 0.476116 4.3759 -1 -1
276 4 1 0.0830314 4.74016 0.0830314 4.74016 -1 -1
277 4 4 0.791091 0.712079 1.20954 0.676056 -1 -1
278 4 4 0.648205 4.0742 1.40136 3.97245 -1 -1
279 4 3 0.609034 3.01687 1.0432 2.87667 -1 -1
280 4 3 0.708247 3.43211 0.996729 3.51444 -1 -1
281 4 4 1.03789 1.424 1.15576 1.44652 -1 -1
282 4 3 0.998299 3.49349 1.46802 3.46606 -1 -1
283 4 3 0.159659 3.09895 0.678547 3.13287 -1 -1
284 3 2 0.0205754 0.413281 0.635218 0.331955 -1 -1
285 4 3 0.198898 0.992037 0.765239 1.05174 -1 -1
286 4 3 0.352069 3.62115 0.880597 3.73397 -1 -1
287 4 2 0.319434 0.243027 0.67899 0.225154 -1 -1
288 4 4 0.451421 3.14065 1.499 3.42793 -1 -1
289 4 4 0.300955 3.88195 0.333666 3.87013 -1 -1
290 3 1 1.36878 2.39622 1.36878 2.39644 -1 -1
291 4 1 0.0931499 0.508918 0.0931499 0.509887 -1 -1
292 4 2 0.0999449 3.11068 0.296257 3.14891 -1 -1
293 4 3 0.586879 0.993056 0.930943 0.875843 -1 -1
294 3 4 0.444696 0.770252 0.805882 0.817372 -1 -1
295 4 2 0.21702 1.89818 0.976063 1.93632 -1 -1
296 4 3 0.551642 0.999392 1.27523 0.764413 -1 -1
297 4 3 0.712553 3.78954 0.849006 3.75823 -1 -1
298 4 1 1.09922 2.00953 1.09922 2.00953 -1 -1
299 4 5 0.789178 5 1.16547 4.94225 -1 -1
300 4 2 1.00437 2.12998 1.3218 2.0895 -1 -1
301 3 4 0.223129 1.93243 0.452417 2.00333 -1 -1
302 4 4 0.564545 1.18745 0.681067 1.21613 -1 -1
303 4 3 0.0381471 4.22702 0.721124 4.44246 -1 -1
304 4 6 0 0.783658 0.0657823 0.803792 -1 -1
305 4 2 0.84853 3.98458 1.00837 3.97741 -1 -1
306 4 4 0.300253 0.996408 0.639294 0.970891 -1 -1
307 4 2 0.330293 3.01182 0.827037 3.16559 -1 -1
308 4 1 1.21569 1.36 1.21569 1.36 -1 -1
309 4 4 0.906496 4.97493 1.42518 4.938 -1 -1
310 4 2 0.463239 3.17879 0.821004 3.13873 -1 -1
311 4 4 0.209504 0.42375 0.49143 0.526304 -1 -1
312 4 3 0.0571469 1.18142 1.00337 1.48413 -1 -1
313 4 4 0.438045 1.85403 0.53804 1.85502 -1 -1
314 4 3 1.33719 3.4637 1.44561 3.45667 -1 -1
315 4 4 0.0305788 3.30372 0.656419 3.4376 -1 -1
316 3 3 0.184773 2.84796 1.34026 2.78175 -1 -1
317 4 1 1.35346 4.78187 1.35346 4.78187 -1 -1
318 4 2 0.755169 2.20903 0.956884 2.27956 -1 -1
319 3 2 0.565839 4.21784 0.812048 4.13429 -1 -1
320 4 2 0.811652 1.94012 1.0438 2.00099 -1 -1
321 4 3 1.39086 2.06678 1.44785 2.04801 -1 -1
322 3 2 0.661879 0.0958549 0.799654 0.14287 -1 -1
323 3 3 0.384257 0.850449 0.435605 0.867262 -1 -1
324 3 1 1.45619 3.13738 1.45619 3.13474 -1 -1
325 4 3 0.245986 4.54394 1.39352 4.93678 -1 -1
326 4 2 1.05818 1.82238 1.47366 1.84678 -1 -1
327 4 1 0.703749 3.83265 0.703749 3.83151 -1 -1
328 4 4 0.415344 4.34335 1.3646 4.01146 -1 -1
329 4 4 0.495233 1.42742 0.973587 1.46713 -1 -1
330 4 3 0.0388302 4.18829 0.809495 3.9977 -1 -1
331 4 1 1.33794 2.63087 1.33794 2.63087 -1 -1
332 4 1 0.149231 2.10256 0.149231 2.10367 -1 -1
333 4 1 0.43777 4.60604 0.43777 4.60604 -1 -1
334 4 2 0.172159 3.91338 0.327637 3.8756 -1 -1
335 4 1 1.1168 0.672645 1.1168 0.672645 -1 -1
336 3 1 0.429523 0.347348 0.429523 0.347651 -1 -1
337 3 2 0.446158 4.78783 0.601197 4.82736 -1 -1
338 4 1 1.45853 2.43308 1.45853 2.43308 -1 -1
339 4 2 0.548744 0.415532 0.72694 0.390107 -1 -1
340 3 1 1.31005 4.17993 1.31005 4.18021 -1 -1
341 4 4 0.667232 3.62544 1.17288 3.50409 -1 -1
342 4 3 0.219969 2.34635 0.775961 2.33706 -1 -1
343 4 1 0.361923 0.176432 0.361923 0.178023 -1 -1
344 4 1 1.29401 4.94256 1.29401 4.94256 -1 -1
345 4 1 0.0519824 2.71698 0.0519824 2.71663 -1 -1
346 4 1 1.35387 2.64023 1.35387 2.64023 -1 -1
347 4 1 0.358645 4.99619 0.358645 4.99619 -1 -1
348 4 3 0.219698 2.78531 0.260507 2.78745 -1 -1
349 4 2 0.0955637 3.55476 0.847655 3.28208 -1 -1
350 4 2 0.627169 4.07173 0.706937 4.07782 -1 -1
351 3 4 0.316305 1.54103 1.48008 1.64764 -1 -1
352 4 3 0.257873 2.02619 1.10961 2.1358 -1 -1
353 3 1 0.647882 2.41967 0.647882 2.41967 -1 -1
354 4 6 0 4.16171 1.49164 4.47741 -1 -1
355 4 1 0.462043 4.45031 0.462043 4.44863 -1 -1
356 3 4 1.38613 1.17427 1.44582 1.16814 -1 -1
357 4 3 0.835406 4.18529 1.22644 4.08971 -1 -1
358 4 4 0.743312 4.32595 0.882159 4.34388 -1 -1
359 4 1 0.132703 2.39522 0.132703 2.39599 -1 -1
360 4 3 1.06373 2.63529 1.22359 2.64196 -1 -1
361 4 1 0.437507 2.69338 0.437507 2.69611 -1 -1
362 4 3 0.593909 3.48383 1.3339 3.48711 -1 -1
363 3 2 0.382191 3.1474 1.33574 3.37353 -1 -1
364 3 4 0.0245011 0.967287 0.737655 1.1648 -1 -1
365 4 2 0.984134 0.0212035 1.26413 0.0223888 -1 -1
366 4 2 0.405315 2.56372 0.525106 2.57079 -1 -1
367 4 1 1.01248 2.45587 1.01248 2.45587 -1 -1
368 3 2 0.952813 1.60524 1.44948 1.54763 -1 -1
369 4 4 0.0577555 0.217669 0.459293 0.104642 -1 -1
370 4 2 0.777144 1.61189 1.44912 1.50775 -1 -1
371 4 1 1.46185 4.70197 1.46185 4.70197 -1 -1
372 3 4 0.183903 1.31757 1.14347 1.2888 -1 -1
373 3 4 0.0166564 4.42058 0.493046 4.47934 -1 -1
374 4 4 0.787281 0.56008 1.47897 0.684912 -1 -1
375 4 1 0.602358 1.31326 0.602358 1.31326 -1 -1
376 3 4 0.817401 0.124106 1.03353 0.16521 -1 -1
377 3 4 0.625616 2.0073 0.78543 2.01501 -1 -1
378 3 3 1.01833 0.220966 1.26108 0.244107 -1 -1
379 4 4 0.893344 2.41538 1.39741 2.28766 -1 -1
380 4 1 0.743513 0.957868 0.743513 0.959197 -1 -1
381 3 2 0.0312099 3.27494 1.2654 3.39484 -1 -1
382 4 3 0.931584 3.99556 1.48694 3.92357 -1 -1
383 4 4 0.645876 2.14971 1.28308 2.32166 -1 -1
384 4 3 0.779745 1.96444 1.49345 1.80071 -1 -1
385 4 3 1.06721 0.548796 1.37061 0.447098 -1 -1
386 3 2 0.981822 2.75319 1.20835 2.83246 -1 -1
387 4 3 0.0962857 3.98521 0.922902 3.75341 -1 -1
388 4 1 1.11765 3.21914 1.11765 3.21913 -1 -1
389 4 2 1.18995 4.38611 1.3299 4.3825 -1 -1
390 4 2 0.997898 0.8476 1.12971 0.800427 -1 -1
391 4 2 0.648743 0.0443234 0.805147 0.0105929 -1 -1
392 4 2 0.258367 1.77292 1.12377 1.61331 -1 -1
393 3 4 0.454319 4.31286 0.972416 4.16063 -1 -1
394 4 3 0.742369 3.02747 1.01278 2.96819 -1 -1
395 4 6 0 1.01689 1.1461 1.25819 -1 -1
396 3 1 0.390111 1.83036 0.390111 1.83036 -1 -1
397 4 6 0 3.10175 0.432266 3.24867 -1 -1
398 4 2 0.670467 0.983874 1.08371 1.0589 -1 -1
399 4 3 0.419956 0.583115 0.875975 0.576539 -1 -1
400 4 6 0 2.58557 0.639325 2.51165 -1 -1
401 3 4 0.416423 2.44322 1.25021 2.34125 -1 -1
402 3 1 0.169611 3.04313 0.169611 3.0471 -1 -1
403 3 4 0.407475 2.71471 1.44102 2.59902 -1 -1
404 4 2 0.359147 4.56592 1.47191 4.64264 -1 -1
405 4 3 1.00174 4.89251 1.13312 4.87513 -1 -1
406 3 2 0.113655 0.238863 1.04731 0.015522 -1 -1
407 3 4 0.112637 3.81815 0.441227 3.73081 -1 -1
408 3 4 0.0557732 0.714163 1.34209 0.504001 -1 -1
409 4 2 0.98811 4.73712 1.32774 4.8565 -1 -1
410 4 1 0.379956 0.562334 0.379956 0.562334 -1 -1
411 4 4 0.628199 0.878013 1.0558 0.981722 -1 -1
412 4 6 0 2.76166 0.726133 2.63144 -1 -1
413 3 2 0.198237 3.04354 0.514453 3.09261 -1 -1
414 4 3 0.0754149 1.21464 0.62112 1.02148 -1 -1
415 4 4 1.26497 0.233512 1.41554 0.197833 -1 -1
416 4 3 0.92558 3.40764 1.02518 3.44229 -1 -1
417 3 4 0.0547243 3.79183 0.630528 3.94574 -1 -1
418 4 1 0.662788 2.26657 0.662788 2.26696 -1 -1
419 4 2 0.0851173 2.45559 0.354907 2.53052 -1 -1
420 3 2 0.493192 4.59279 0.762835 4.51734 -1 -1
421 4 2 0.997693 1.87827 1.11212 1.9144 -1 -1
422 3 1 1.41284 1.60944 1.41284 1.60717 -1 -1
423 3 1 1.33295 4.27375 1.33295 4.27567 -1 -1
424 4 4 0.0195252 1.40208 0.713783 1.55611 -1 -1
425 4 4 1.19289 3.24717 1.29282 3.24368 -1 -1
426 4 5 0.384692 0 1.1215 0.219854 -1 -1
427 3 2 0.628965 3.24803 1.10669 3.39562 -1 -1
428 4 4 0.224833 3.41353 0.928137 3.18339 -1 -1
429 4 2 0.228194 3.0451 1.03953 3.30943 -1 -1
430 3 1 1.24647 1.19635 1.24647 1.19611 -1 -1
431 3 2 0.674036 0.810086 1.21384 0.795471 -1 -1
432 4 2 0.658094 3.57562 1.26833 3.46604 -1 -1
433 4 3 0.903475 3.22377 1.22273 3.24556 -1 -1
434 4 4 0.804713 1.95643 1.26375 1.92668 -1 -1
435 4 1 0.914431 2.96068 0.914431 2.96068 -1 -1
436 4 2 0.896206 1.61531 1.34853 1.69902 -1 -1
437 3 3 0.282561 4.33871 1.48006 4.42936 -1 -1
438 3 3 1.1801 4.46424 1.20582 4.4591 -1 -1
439 4 3 0.215344 3.92547 0.968745 4.08299 -1 -1
440 4 1 0.0489799 3.59216 0.0489799 3.59393 -1 -1
441 4 2 0.438249 3.00436 0.91796 2.86337 -1 -1
442 4 4 0.0950924 4.74272 0.721544 4.53888 -1 -1
443 4 3 0.259067 3.51203 1.01262 3.44802 -1 -1
444 4 3 0.818271 3.18442 1.14154 3.1634 -1 -1
445 4 2 0.778504 3.4394 1.01421 3.39418 -1 -1
446 4 2 0.630432 4.95887 1.14718 4.80006 -1 -1
447 4 4 0.190366 3.43158 0.50991 3.44866 -1 -1
448 4 4 0.137853 4.22121 0.540255 4.34152 -1 -1
449 3 3 0.152677 4.033 0.182544 4.03114 -1 -1
450 3 3 0.660771 2.22737 1.00449 2.27376 -1 -1
451 4 4 0.233361 0.241314 0.39904 0.281115 -1 -1
452 4 4 0.39558 3.45736 0.574992 3.44282 -1 -1
453 4 2 0.345117 1.09905 0.764601 1.07825 -1 -1
454 4 3 0.259373 2.36006 1.04498 2.30541 -1 -1
455 4 4 0.381323 0.794593 0.761621 0.918583 -1 -1
456 4 1 1.5 2.86249 1.5 2.86373 -1 -1
457 4 3 0.0199314 4.45445 0.77722 4.51733 -1 -1
458 4 2 0.275274 2.34271 0.5281 2.40337 -1 -1
459 3 2 0.0829202 4.79093 0.422851 4.78406 -1 -1
460 4 2 0.497171 4.09861 0.800688 3.99723 -1 -1
461 3 4 0.151023 1.52585 0.684728 1.60806 -1 -1
462 4 6 0 4.02768 1.499 3.80483 -1 -1
463 4 1 0.84324 2.91506 0.84324 2.91391 -1 -1
464 4 2 1.14149 4.69953 1.43291 4.77078 -1 -1
465 4 1 0.453212 2.75029 0.453212 2.75029 -1 -1
466 3 2 0.80884 3.07321 1.41207 2.92996 -1 -1
467 4 4 0.0993458 4.96488 0.259292 4.96072 -1 -1
468 4 1 0.0564473 3.16958 0.0564473 3.17006 -1 -1
469 4 3 0.333184 1.53864 0.919369 1.65781 -1 -1
470 4 2 0.484558 3.07854 0.584104 3.06902 -1 -1
471 4 1 1.40418 1.52309 1.40418 1.52309 -1 -1
472 3 2 0.686555 1.91047 1.24181 1.97624 -1 -1
473 4 3 0.813081 2.01055 1.21297 2.13896 -1 -1
474 4 1 0.722691 2.45269 0.722691 2.4554 -1 -1
475 4 1 0.572769 1.28474 0.572769 1.28474 -1 -1
476 4 3 1.01043 0.410695 1.10277 0.388195 -1 -1
477 3 4 0.0262417 3.45489 1.34051 3.55995 -1 -1
478 4 1 0.738635 1.45746 0.738635 1.45551 -1 -1
479 4 3 0.798785 1.03147 0.844695 1.034 -1 -1
480 4 2 0.970812 3.70188 1.28476 3.63993 -1 -1
481 4 4 1.02615 1.952 1.08264 1.9722 -1 -1
482 3 4 0.0362815 0.505968 1.22822 0.245796 -1 -1
483 4 4 0.370432 1.51575 0.586283 1.55827 -1 -1
484 4 4 0.514554 0.485307 0.851624 0.440765 -1 -1
485 4 2 0.56166 4.37335 1.45575 4.47635 -1 -1
486 4 4 0.359741 0.477825 1.08693 0.340739 -1 -1
487 4 1 1.034 2.22496 1.034 2.22475 -1 -1
488 4 2 0.048134 0.505767 0.437367 0.413585 -1 -1
489 3 2 0.0113889 0.28271 1.31549 0.078455 -1 -1
490 4 4 0.236181 3.56361 0.734754 3.60136 -1 -1
491 3 2 0 0.77654 1.36093 0.934606 -1 -1
492 4 2 0.0890061 0.102683 0.168189 0.114087 -1 -1
493 4 3 0.95826 3.47206 1.28969 3.54794 -1 -1
494 3 2 0.180987 4.74115 1.27969 4.68777 -1 -1
495 3 4 0.290395 2.7052 1.4411 2.92878 -1 -1
496 3 1 0.793653 0.503675 0.793653 0.503065 -1 -1
497 4 2 0.199739 2.59942 1.29431 2.5434 -1 -1
498 4 1 1.44035 2.83016 1.44035 2.83016 -1 -1
499 4 4 0.539062 1.27105 1.499 1.21439 -1 -1
