#index type state x1 y1 x2 y2 bleached_x1 bleached_x2 
#t=18
0 4 1 0.567017 3.88273 0.567017 3.88376 -1 -1
1 4 4 0.596176 0.847172 1.42659 0.720602 -1 -1
2 4 4 0.196766 2.12491 0.531361 2.064 -1 -1
3 4 2 0.874944 0.56646 1.19034 0.620567 -1 -1
4 3 2 0.819559 4.24481 1.47947 4.23421 -1 -1
5 4 1 1.04921 3.48682 1.04921 3.48682 -1 -1
6 4 4 0.204674 0.406323 1.07084 0.650781 -1 -1
7 4 4 0.143439 0.101094 0.663352 0.110621 -1 -1
8 3 4 0.883194 3.1351 0.981596 3.1173 -1 -1
9 3 2 0.477449 1.48728 1.38578 1.72922 -1 -1
10 4 2 0.742203 2.86042 1.13968 2.99611 -1 -1
11 3 4 0.185043 3.5392 1.00106 3.61988 -1 -1
12 3 2 0.302755 1.52648 1.47655 1.12672 -1 -1
13 4 3 0.251826 2.79437 1.31688 3.06793 -1 -1
14 4 4 0.217385 1.12626 1.499 1.30725 -1 -1
15 4 3 0.606049 1.4078 1.499 1.6005 -1 -1
16 4 2 0.133556 4.26705 0.427196 4.32849 -1 -1
17 4 2 0.76304 2.00378 0.982652 1.99073 -1 -1
18 4 3 1.24615 1.36235 1.44276 1.39902 -1 -1
19 3 2 0.152531 0.251343 0.79506 0.0287321 -1 -1
20 4 4 0.369666 0.560576 0.549011 0.545231 -1 -1
21 4 4 0.201512 2.81537 0.379593 2.84159 -1 -1
22 4 2 0.509059 1.32982 0.549047 1.33078 -1 -1
23 4 4 0.186411 3.99206 0.497424 4.06737 -1 -1
24 4 2 0.48908 0.691968 1.21271 0.846776 -1 -1
25 3 4 0.193392 3.71468 0.505112 3.6442 -1 -1
26 4 4 0.262038 0.0887919 0.401388 0.0753182 -1 -1
27 4 1 0.273232 3.38728 0.273232 3.38339 -1 -1
28 3 3 0.740222 3.57912 1.31388 3.40328 -1 -1
29 4 4 1.03314 0.341317 1.499 0.395085 -1 -1
30 4 2 0.239992 1.76277 1.40979 1.75301 -1 -1
31 4 1 1.26269 0.225257 1.26269 0.225257 -1 -1
32 4 4 0.01999 3.56112 1.44977 3.51589 -1 -1
33 3 3 0.10554 1.27351 0.88253 1.34196 -1 -1
34 4 4 0.305061 0.76346 1.45503 0.399197 -1 -1
35 4 3 0.735706 0.371197 1.2091 0.53792 -1 -1
36 4 6 0 0.347912 0.515439 0.335669 -1 -1
37 4 4 0.74485 2.01865 1.29425 1.83273 -1 -1
38 4 2 0.911591 1.48973 1.1915 1.49667 -1 -1
39 3 3 1.23577 4.36473 1.33495 4.35189 -1 -1
40 4 2 0.875107 2.99725 1.2804 2.88708 -1 -1
41 4 1 0.252628 4.44562 0.252628 4.45038 -1 -1
42 4 4 0.593172 1.72843 0.71154 1.7087 -1 -1
43 4 4 0.280312 3.68668 0.319141 3.67707 -1 -1
44 4 4 0.292267 2.35152 1.499 2.06194 -1 -1
45 3 2 0.510076 2.46222 0.625777 2.43039 -1 -1
46 3 4 0.102349 2.14692 1.2792 2.3815 -1 -1
47 4 2 0.15151 4.04741 1.44859 3.80248 -1 -1
48 4 3 0.213769 2.41166 0.379525 2.37135 -1 -1
49 4 2 0.373054 3.61532 0.546705 3.66271 -1 -1
50 3 2 0.143265 4.05574 1.46074 3.79841 -1 -1
51 4 2 0.764309 1.77827 1.06398 1.76412 -1 -1
52 4 3 0.533681 1.74708 0.554755 1.74383 -1 -1
53 4 1 0.53669 2.90085 0.53669 2.90284 -1 -1
54 4 2 1.03272 1.34711 1.16541 1.39175 -1 -1
55 4 3 0.50855 0.245157 1.20127 0.345876 -1 -1
56 4 2 0.541877 1.83254 0.918337 1.78079 -1 -1
57 3 2 0.969494 1.62164 1.46508 1.68792 -1 -1
58 3 2 0.683196 0.282061 1.28034 0.115263 -1 -1
59 4 2 0.167511 4.50528 0.344989 4.47525 -1 -1
60 4 2 0.559521 0.984136 1.39982 1.24548 -1 -1
61 4 4 0.534061 0.519093 0.884243 0.466724 -1 -1
62 4 4 0.0937092 3.84691 0.211605 3.86928 -1 -1
63 4 4 0.486881 1.32723 1.17483 1.1979 -1 -1
64 4 2 0.276697 1.28235 0.914429 1.22852 -1 -1
65 4 1 0.539431 3.89458 0.539431 3.89642 -1 -1
66 4 2 0.875288 2.67456 0.914815 2.66842 -1 -1
67 4 6 0 3.48752 1.36083 3.9293 -1 -1
68 3 3 0.059625 1.81381 1.40087 1.63616 -1 -1
69 4 1 1.45591 0.327609 1.45591 0.327609 -1 -1
70 4 3 0.387529 4.30073 0.511163 4.26911 -1 -1
71 4 3 1.01516 2.5865 1.46838 2.48562 -1 -1
72 3 2 0.0180902 4.20239 0.393527 4.14368 -1 -1
73 4 3 0.724292 3.31091 0.889753 3.34555 -1 -1
74 4 2 0.399272 3.87302 0.857351 3.84536 -1 -1
75 3 2 0.054283 3.94419 0.92593 3.72007 -1 -1
76 4 2 0.708411 4.63051 1.18835 4.63801 -1 -1
77 4 2 0.811637 1.5234 1.25205 1.3906 -1 -1
78 4 2 0.549505 4.58969 1.32206 4.69718 -1 -1
79 4 1 1.00145 4.37211 1.00145 4.36994 -1 -1
80 4 2 0.693447 4.72287 1.29847 4.58742 -1 -1
81 4 4 0.526587 1.01177 0.744731 0.983247 -1 -1
82 3 4 1.13413 2.36659 1.36977 2.32106 -1 -1
83 3 2 0.0107593 4.46548 1.23327 4.07513 -1 -1
84 4 2 0.52459 3.89187 0.601991 3.87165 -1 -1
85 4 2 0.704988 3.5405 1.06078 3.48564 -1 -1
86 4 4 0.21272 1.81518 1.29024 2.09947 -1 -1
87 4 1 0.813113 2.69243 0.813113 2.69243 -1 -1
88 4 3 0.319977 3.54753 1.13118 3.5379 -1 -1
89 4 2 1.15941 2.17336 1.19774 2.18478 -1 -1
90 3 1 0.854135 1.42486 0.854135 1.42486 -1 -1
91 4 1 0.396585 2.87852 0.396585 2.87852 -1 -1
92 4 1 0.509108 4.72582 0.509108 4.72582 -1 -1
93 4 3 0.319885 3.21 1.30444 3.18357 -1 -1
94 4 4 0.512001 1.82336 1.499 2.15421 -1 -1
95 4 2 0.359716 4.39808 1.33462 4.35933 -1 -1
96 4 2 0.0695458 1.98486 0.522626 2.14335 -1 -1
97 4 2 0.715268 2.21681 0.995119 2.22593 -1 -1
98 4 6 0 2.52204 1.49273 2.62682 -1 -1
99 4 4 0.679757 4.31803 1.34118 4.30033 -1 -1
100 4 2 1.05111 2.78397 1.29045 2.76621 -1 -1
101 4 1 1.0204 3.22202 1.0204 3.22043 -1 -1
102 3 2 0.0197953 2.68151 0.355849 2.73763 -1 -1
103 4 4 0.0498742 4.44378 0.421077 4.36249 -1 -1
104 4 1 1.04065 4.67973 1.04065 4.67973 -1 -1
105 4 1 1.13745 2.16365 1.13745 2.16365 -1 -1
106 4 2 0.194256 2.80186 0.552755 2.71404 -1 -1
107 4 2 1.41801 2.89534 1.45576 2.90856 -1 -1
108 4 2 0.414474 4.43327 0.53017 4.40142 -1 -1
109 4 2 0.3979 3.91456 0.555539 3.94195 -1 -1
110 4 1 0.616002 0.0948512 0.616002 0.0992942 -1 -1
111 4 4 0.0633853 2.08196 1.29426 2.35131 -1 -1
112 3 4 0.560804 0.959859 0.617645 0.979071 -1 -1
113 4 2 0.748721 4.6735 0.787647 4.6827 -1 -1
114 4 1 0.191919 2.16525 0.191919 2.16451 -1 -1
115 4 2 0.667969 1.66155 1.28796 1.6591 -1 -1
116 4 4 0.305182 2.6554 0.500862 2.61406 -1 -1
117 4 2 0.993059 4.86808 1.39275 4.8838 -1 -1
118 3 3 0.00537278 1.91734 0.749515 1.79847 -1 -1
119 4 2 0.264945 2.19159 0.880041 2.11376 -1 -1
120 4 4 0.70382 0.0101742 1.32211 0.0561642 -1 -1
121 3 1 0.479641 3.69161 0.479641 3.69161 -1 -1
122 4 1 0.242847 1.11289 0.242847 1.11048 -1 -1
123 4 4 0.85632 2.13633 1.48219 2.00259 -1 -1
124 4 2 0.749475 0.960535 1.38478 1.03792 -1 -1
125 4 2 0.191891 1.79639 1.1404 1.54994 -1 -1
126 4 1 1.14757 3.81661 1.14757 3.81661 -1 -1
127 3 4 0.162523 2.91149 0.426853 2.81675 -1 -1
128 4 4 1.35103 2.84572 1.44821 2.82214 -1 -1
129 4 1 1.01274 4.69848 1.01274 4.6988 -1 -1
130 3 2 0.812719 4.23079 1.17044 4.35899 -1 -1
131 4 2 0.183998 2.78085 0.223989 2.77999 -1 -1
132 3 2 0.77385 1.52873 1.25768 1.65486 -1 -1
133 4 3 0.0999998 3.2846 0.537819 3.28541 -1 -1
134 4 2 0.207219 1.50633 0.799594 1.41098 -1 -1
135 3 4 0.796276 3.42093 0.986635 3.48228 -1 -1
136 4 4 0.39436 2.1612 1.32176 2.0078 -1 -1
137 4 4 0.193978 3.8903 0.93384 3.90461 -1 -1
138 4 4 1.05123 4.76089 1.24181 4.70026 -1 -1
139 3 1 0.189453 3.05994 0.189453 3.05994 -1 -1
140 3 4 0.916016 0.518792 1.49286 0.57919 -1 -1
141 4 3 0.230262 2.27811 0.978436 2.05823 -1 -1
142 3 1 0.768442 4.24903 0.768442 4.24903 -1 -1
143 4 2 0.621772 3.38326 0.881353 3.3685 -1 -1
144 3 3 0.953323 2.81654 1.3425 2.74694 -1 -1
145 3 2 0.583034 4.26977 1.27253 4.03782 -1 -1
146 3 1 0.738283 4.7674 0.738283 4.7674 -1 -1
147 3 3 0.132756 1.93741 0.320038 1.97207 -1 -1
148 4 2 0.511374 2.45196 1.23464 2.60845 -1 -1
149 3 4 0.14318 0.344793 1.42244 0.668413 -1 -1
150 4 2 1.20916 2.23506 1.3483 2.25054 -1 -1
151 4 1 0.836639 3.55637 0.836639 3.55847 -1 -1
152 4 2 0.982866 4.2387 1.11972 4.26819 -1 -1
153 4 1 0.495371 4.34906 0.495371 4.34611 -1 -1
154 4 3 0.0756535 2.73143 0.725468 2.50801 -1 -1
155 4 3 0.639576 1.1513 0.821903 1.14466 -1 -1
156 4 2 0.959807 3.38625 1.09412 3.38895 -1 -1
157 3 3 0.490363 1.44036 1.1012 1.39298 -1 -1
158 4 1 1.25153 3.61912 1.25153 3.61912 -1 -1
159 4 3 0.159941 1.62125 0.272759 1.6243 -1 -1
160 4 2 1.12036 1.6527 1.19617 1.62715 -1 -1
161 3 2 1.0209 4.52832 1.36236 4.46478 -1 -1
162 3 4 0.155739 3.27139 1.4803 3.06857 -1 -1
163 3 2 0.61551 3.74007 1.37374 3.68829 -1 -1
164 4 1 0.813535 0.532049 0.813535 0.534627 -1 -1
165 4 3 0.159992 3.65281 1.44531 3.64032 -1 -1
166 3 2 0.587745 4.53303 0.907426 4.54731 -1 -1
167 4 1 0.116027 2.14761 0.116027 2.1477 -1 -1
168 3 3 0.376358 2.99067 1.42016 3.0568 -1 -1
169 4 2 0.0376614 3.92872 0.196339 3.90819 -1 -1
170 4 3 0.379717 0.303449 0.39408 0.304004 -1 -1
171 4 4 0.525752 2.82868 0.68541 2.81822 -1 -1
172 4 3 0.287186 0.300455 0.460419 0.349346 -1 -1
173 4 4 1.06741 4.82719 1.10639 4.81819 -1 -1
174 3 3 0.721321 2.34845 1.10311 2.30056 -1 -1
175 4 5 1.18874 0 1.32299 0.0283359 -1 -1
176 3 4 0.142861 1.26323 1.07298 1.49429 -1 -1
177 4 4 0.536104 3.46136 1.09302 3.40272 -1 -1
178 3 1 0.833031 4.76252 0.833031 4.76252 -1 -1
179 4 1 1.26506 0.361582 1.26506 0.363722 -1 -1
180 4 1 0.929638 4.95418 0.929638 4.95438 -1 -1
181 4 3 0.439428 1.95967 0.872852 1.93755 -1 -1
182 4 2 0.550934 1.22016 1.33252 1.39082 -1 -1
183 4 4 0.822869 4.41765 1.3611 4.46136 -1 -1
184 4 2 0.490042 1.52441 0.926024 1.67916 -1 -1
185 3 2 1.16536 3.01887 1.20306 3.0055 -1 -1
186 3 2 0.200666 3.15162 0.918937 3.10174 -1 -1
187 4 2 0 4.77046 0.854832 4.58816 -1 -1
188 4 3 0.575032 3.37433 1.09966 3.30522 -1 -1
189 4 4 0.178251 3.78199 0.516626 3.81519 -1 -1
190 4 3 0.277865 4.91984 1.46315 4.77263 -1 -1
191 4 5 0.00912171 5 1.28234 4.75145 -1 -1
192 3 2 0.0673432 0.435124 0.540651 0.596306 -1 -1
193 4 2 0.2072 1.98936 0.453476 1.906 -1 -1
194 3 3 0.369975 4.69994 0.469415 4.68938 -1 -1
195 4 4 0.367501 2.04118 0.426054 2.02808 -1 -1
196 4 4 0.139849 4.08959 0.964847 4.05122 -1 -1
197 3 2 0.800506 2.50078 1.27742 2.35061 -1 -1
198 4 4 1.02602 3.43563 1.4312 3.54622 -1 -1
199 3 1 1.23289 1.9176 1.23289 1.91882 -1 -1
200 4 4 0.238049 3.1516 1.47827 2.99247 -1 -1
201 3 2 0.023006 3.15864 1.06081 3.22616 -1 -1
202 4 1 1.30213 4.82786 1.30213 4.82786 -1 -1
203 4 1 0.940181 1.14325 0.940181 1.14425 -1 -1
204 3 2 0.471865 3.82671 1.17243 3.66055 -1 -1
205 4 2 0.41692 3.8786 1.499 3.74684 -1 -1
206 4 2 0.334073 2.43068 1.30654 2.24669 -1 -1
207 4 2 0.792827 0.997767 1.35908 1.1233 -1 -1
208 4 2 0.420442 3.1982 0.600113 3.18733 -1 -1
209 4 1 0.710133 3.15324 0.710133 3.15264 -1 -1
210 3 3 0.518745 1.80816 1.1803 1.77941 -1 -1
211 4 2 0.119979 0.185148 1.32097 0.16293 -1 -1
212 4 4 0.0592183 1.16418 1.21601 0.975598 -1 -1
213 3 3 0.0222882 2.84917 1.28146 2.99518 -1 -1
214 4 2 1.01268 2.5993 1.28845 2.64778 -1 -1
215 3 4 0.641759 1.50493 1.42059 1.24837 -1 -1
216 3 4 0.282014 2.21004 0.441886 2.20366 -1 -1
217 4 1 0.496489 0.650315 0.496489 0.650315 -1 -1
218 3 4 0.97599 3.56327 1.32593 3.47878 -1 -1
219 3 4 0.443957 1.21093 0.576289 1.25663 -1 -1
220 4 4 0.154557 1.48299 0.426037 1.55567 -1 -1
221 4 3 0.885821 2.58859 1.41981 2.50822 -1 -1
222 3 2 0.769051 1.42726 1.15879 1.51728 -1 -1
223 4 3 0.363504 2.22367 1.30317 2.50995 -1 -1
224 4 1 0.532448 3.88725 0.532448 3.88849 -1 -1
225 4 2 0.272547 3.98792 0.88702 4.1326 -1 -1
226 4 3 0.565672 2.94573 0.815776 3.00237 -1 -1
227 3 2 0.147251 4.13297 0.509926 4.01635 -1 -1
228 3 2 0.544626 1.01493 1.02056 1.16819 -1 -1
229 3 4 0.283221 1.35983 0.522414 1.34016 -1 -1
230 3 1 0.17392 4.93728 0.17392 4.93728 -1 -1
231 3 4 0.734139 0.78281 0.86947 0.746956 -1 -1
232 4 2 0.239723 2.42093 0.918421 2.45359 -1 -1
233 4 1 1.37439 3.96333 1.37439 3.96333 -1 -1
234 3 2 0.455409 1.41305 1.08878 1.50491 -1 -1
235 4 1 0.0623261 2.6665 0.0623261 2.66345 -1 -1
236 3 1 1.14612 4.15592 1.14612 4.15909 -1 -1
237 3 2 0.405445 0.481561 0.540995 0.516578 -1 -1
238 3 2 0.137081 4.69439 0.833941 4.62816 -1 -1
239 4 2 0.933249 2.12543 1.12168 2.0584 -1 -1
240 4 2 1.00917 4.69542 1.42739 4.65678 -1 -1
241 4 4 0.999187 1.87297 1.26933 1.9466 -1 -1
242 4 1 0.830982 2.41858 0.830982 2.41818 -1 -1
243 4 2 0.533107 2.9114 1.34041 3.05512 -1 -1
244 4 2 0.119988 1.63641 0.388092 1.6326 -1 -1
245 4 3 0.742192 1.14633 0.862005 1.13965 -1 -1
246 4 2 0.869385 2.14881 1.46185 2.05399 -1 -1
247 4 1 0.929285 1.44735 0.929285 1.44806 -1 -1
248 4 4 0.309286 0.90449 0.428066 0.887426 -1 -1
249 3 2 0.19035 3.39524 0.56827 3.43496 -1 -1
250 4 1 0.456888 1.86191 0.456888 1.86191 -1 -1
251 4 4 0.307927 4.94208 0.72991 4.81746 -1 -1
252 3 1 0.292768 2.32705 0.292768 2.32725 -1 -1
253 4 2 0.0626387 4.85858 0.122348 4.85268 -1 -1
254 4 2 0.414181 0.384235 0.614138 0.3506 -1 -1
255 4 4 0.42413 4.17886 0.636364 4.12093 -1 -1
256 3 1 1.4425 2.73913 1.4425 2.73902 -1 -1
257 4 2 0.956512 1.33428 1.01553 1.3235 -1 -1
258 4 3 0.199049 4.34855 0.637884 4.3915 -1 -1
259 4 1 0.838054 0.097048 0.838054 0.093292 -1 -1
260 4 2 0.527785 1.63949 1.24506 1.48428 -1 -1
261 4 2 1.05387 0.841778 1.3254 0.910124 -1 -1
262 4 2 0.850139 1.46068 1.46824 1.4122 -1 -1
263 4 1 0.189209 2.26574 0.189209 2.26569 -1 -1
264 4 3 0.977696 0.893022 1.1984 0.87786 -1 -1
265 4 1 1.32706 1.73599 1.32706 1.73595 -1 -1
266 4 2 0.54664 0.492742 1.47457 0.821839 -1 -1
267 4 1 1.14265 1.78007 1.14265 1.78007 -1 -1
268 4 1 0.394316 4.89855 0.394316 4.89864 -1 -1
269 4 2 0.416101 0.274158 0.764876 0.154264 -1 -1
270 3 4 0.365611 1.70079 0.751219 1.80712 -1 -1
271 4 2 0.0037104 4.72945 0.138498 4.6916 -1 -1
272 3 4 0.324666 1.45089 1.18527 1.2928 -1 -1
273 3 3 0.665027 1.4529 1.48051 1.2645 -1 -1
274 3 1 0.499416 4.4753 0.499416 4.47663 -1 -1
275 4 1 0.476116 4.37585 0.476116 4.3759 -1 -1
276 4 1 0.0830314 4.74016 0.0830314 4.74016 -1 -1
277 4 4 0.791091 0.712079 1.20954 0.676056 -1 -1
278 4 4 0.648205 4.0742 1.40136 3.97245 -1 -1
279 4 1 1.0432 2.87551 1.0432 2.87667 -1 -1
280 4 1 0.996729 3.51444 0.996729 3.51444 -1 -1
281 4 4 1.03789 1.424 1.15576 1.44652 -1 -1
282 4 6 0 3.81857 0.346764 3.91704 -1 -1
283 4 1 0.678547 3.13287 0.678547 3.13287 -1 -1
284 3 3 0.0205754 0.413281 0.912799 0.295227 -1 -1
285 4 3 0.821113 3.30868 0.840785 3.31229 -1 -1
286 4 1 0.880597 3.73388 0.880597 3.73397 -1 -1
287 4 2 0.659563 3.98966 0.898639 4.0107 -1 -1
288 4 4 0.451421 3.14065 1.499 3.42793 -1 -1
289 4 4 0.300955 3.88195 0.333666 3.87013 -1 -1
290 3 1 1.35114 4.23233 1.35114 4.23091 -1 -1
291 4 2 1.19543 3.98288 1.31459 3.99712 -1 -1
292 4 1 0.296257 3.15238 0.296257 3.14891 -1 -1
293 4 2 1.24411 1.46802 1.39561 1.41657 -1 -1
294 3 3 0.444696 0.770252 0.845546 0.822547 -1 -1
295 4 3 0.259672 1.90033 0.976063 1.93632 -1 -1
296 4 2 0.285332 1.08587 1.27523 0.764413 -1 -1
297 4 3 0.437199 4.50443 0.513642 4.52802 -1 -1
298 4 1 1.09922 2.00953 1.09922 2.00953 -1 -1
299 4 5 0.789178 5 1.16547 4.94225 -1 -1
300 4 1 1.3218 2.0895 1.3218 2.0895 -1 -1
301 3 4 0.223129 1.93243 0.452417 2.00333 -1 -1
302 4 4 0.564545 1.18745 0.681067 1.21613 -1 -1
303 4 2 0.190736 4.27516 0.721124 4.44246 -1 -1
304 4 1 0.0657823 0.807071 0.0657823 0.803792 -1 -1
305 4 2 0.129253 4.01682 1.00837 3.97741 -1 -1
306 4 4 0.300253 0.996408 0.639294 0.970891 -1 -1
307 4 3 0.17195 2.9628 0.827037 3.16559 -1 -1
308 4 2 0.806356 3.36122 1.09569 3.28194 -1 -1
309 4 4 0.906496 4.97493 1.42518 4.938 -1 -1
310 4 1 0.821004 3.13873 0.821004 3.13873 -1 -1
311 4 4 0.209504 0.42375 0.49143 0.526304 -1 -1
312 4 3 0.876253 1.44346 1.00337 1.48413 -1 -1
313 4 4 0.438045 1.85403 0.53804 1.85502 -1 -1
314 4 1 0.549874 2.75702 0.549874 2.75702 -1 -1
315 4 4 0.0305788 3.30372 0.656419 3.4376 -1 -1
316 3 2 0.184773 2.84796 0.841081 2.81035 -1 -1
317 4 1 1.35346 4.78187 1.35346 4.78187 -1 -1
318 4 2 1.22098 0.543391 1.31924 0.561978 -1 -1
319 3 2 0.565839 4.21784 1.4181 3.92862 -1 -1
320 4 2 0.250617 1.79301 1.0438 2.00099 -1 -1
321 4 1 0.243159 3.30521 0.243159 3.30308 -1 -1
322 3 2 0.661879 0.0958549 1.31072 0.317267 -1 -1
323 3 1 0.384257 0.850449 0.384257 0.848592 -1 -1
324 3 2 0.138957 1.302 0.578239 1.32712 -1 -1
325 4 2 0.813645 4.73827 1.39352 4.93678 -1 -1
326 4 3 0.838556 1.80949 1.47366 1.84678 -1 -1
327 4 1 0.703749 3.83265 0.703749 3.83151 -1 -1
328 4 4 0.415344 4.34335 1.3646 4.01146 -1 -1
329 4 4 0.495233 1.42742 0.973587 1.46713 -1 -1
330 4 1 0.809495 3.99623 0.809495 3.9977 -1 -1
331 4 1 0.181578 3.80901 0.181578 3.80901 -1 -1
332 4 2 0.814234 1.72827 0.891708 1.70833 -1 -1
333 4 3 0.159407 1.60592 0.531856 1.57376 -1 -1
334 4 1 0.327637 3.87494 0.327637 3.8756 -1 -1
335 4 1 1.1168 0.672645 1.1168 0.672645 -1 -1
336 3 1 0.429523 0.347348 0.429523 0.347651 -1 -1
337 3 2 0.446158 4.78783 1.14383 4.96573 -1 -1
338 4 2 0.858553 3.76652 1.10654 3.68839 -1 -1
339 4 2 0.0339579 0.488982 0.72694 0.390107 -1 -1
340 3 3 1.05631 4.18851 1.43631 4.19005 -1 -1
341 4 2 0.608889 3.63944 1.17288 3.50409 -1 -1
342 4 4 0.419941 2.34301 0.775961 2.33706 -1 -1
343 4 1 0.361923 0.176432 0.361923 0.178023 -1 -1
344 4 2 0.282085 0.398098 0.323163 0.383227 -1 -1
345 4 2 0.109512 1.94992 0.749256 1.968 -1 -1
346 4 1 1.35387 2.64023 1.35387 2.64023 -1 -1
347 4 3 1.09709 4.08474 1.19665 4.07533 -1 -1
348 4 1 0.260507 2.7874 0.260507 2.78745 -1 -1
349 4 3 0.601673 3.37126 0.847655 3.28208 -1 -1
350 4 4 0.328041 4.04888 0.706937 4.07782 -1 -1
351 3 4 0.316305 1.54103 1.48008 1.64764 -1 -1
352 4 1 1.10961 2.13596 1.10961 2.1358 -1 -1
353 3 2 0.941778 3.20417 1.46058 3.23943 -1 -1
354 4 2 0 4.16171 1.49164 4.47741 -1 -1
355 4 1 0.462043 4.45031 0.462043 4.44863 -1 -1
356 3 4 1.38613 1.17427 1.44582 1.16814 -1 -1
357 4 2 0.571858 2.3022 0.811251 2.31927 -1 -1
358 4 4 0.743312 4.32595 0.882159 4.34388 -1 -1
359 4 2 0.340827 1.77644 1.20988 1.54246 -1 -1
360 4 2 0.971168 4.67752 1.24709 4.62991 -1 -1
361 4 1 0.861172 1.12147 0.861172 1.12147 -1 -1
362 4 1 1.3339 3.48711 1.3339 3.48711 -1 -1
363 3 4 0.382191 3.1474 1.49143 3.41046 -1 -1
364 3 4 0.0245011 0.967287 0.737655 1.1648 -1 -1
365 4 2 0.26414 0.0181554 1.26413 0.0223888 -1 -1
366 4 3 0.0598957 2.54333 0.525106 2.57079 -1 -1
367 4 1 1.01248 2.45587 1.01248 2.45587 -1 -1
368 3 1 0.952813 1.60524 0.952813 1.60629 -1 -1
369 4 4 0.0577555 0.217669 0.459293 0.104642 -1 -1
370 4 2 0.302807 1.6854 1.44912 1.50775 -1 -1
371 4 1 0.634194 2.70353 0.634194 2.70353 -1 -1
372 3 4 0.183903 1.31757 1.14347 1.2888 -1 -1
373 3 4 0.0166564 4.42058 0.493046 4.47934 -1 -1
374 4 2 0.255866 0.464173 1.47897 0.684912 -1 -1
375 4 3 0.0946294 2.72031 0.172908 2.69357 -1 -1
376 3 4 0.817401 0.124106 1.03353 0.16521 -1 -1
377 3 4 0.625616 2.0073 0.78543 2.01501 -1 -1
378 3 1 1.01833 0.220966 1.01833 0.219434 -1 -1
379 4 4 0.893344 2.41538 1.39741 2.28766 -1 -1
380 4 2 0.569188 0.769033 1.28896 0.750939 -1 -1
381 3 3 0.0312099 3.27494 1.26112 3.39443 -1 -1
382 4 1 1.48694 3.92357 1.48694 3.92357 -1 -1
383 4 4 0.645876 2.14971 1.28308 2.32166 -1 -1
384 4 2 0.545822 2.01811 1.49345 1.80071 -1 -1
385 4 1 1.37061 0.447098 1.37061 0.447098 -1 -1
386 3 2 0.981822 2.75319 1.19796 2.82882 -1 -1
387 4 3 0.154057 3.96901 0.922902 3.75341 -1 -1
388 4 2 0.293641 0.503876 0.873273 0.483233 -1 -1
389 4 1 1.3299 4.3825 1.3299 4.3825 -1 -1
390 4 4 0.734271 0.941947 1.12971 0.800427 -1 -1
391 4 1 0.805147 0.0105929 0.805147 0.0105929 -1 -1
392 4 3 0.314693 1.76253 1.12377 1.61331 -1 -1
393 3 4 0.454319 4.31286 0.972416 4.16063 -1 -1
394 4 2 0.351649 3.11313 1.01278 2.96819 -1 -1
395 4 2 0.41099 1.10342 1.1461 1.25819 -1 -1
396 3 1 0.992425 2.91577 0.992425 2.91577 -1 -1
397 4 1 0.432266 3.24978 0.432266 3.24867 -1 -1
398 4 1 1.08371 1.0589 1.08371 1.0589 -1 -1
399 4 1 0.875975 0.576483 0.875975 0.576539 -1 -1
400 4 2 0.178809 2.5649 0.639325 2.51165 -1 -1
401 3 2 0.416423 2.44322 1.25021 2.34125 -1 -1
402 3 2 0.843284 1.2418 1.21969 1.18967 -1 -1
403 3 4 0.407475 2.71471 1.44102 2.59902 -1 -1
404 4 3 0.179574 4.55354 1.47191 4.64264 -1 -1
405 4 1 1.13312 4.87415 1.13312 4.87513 -1 -1
406 3 5 0.113655 0.238863 1.1122 0 -1 -1
407 3 2 0.112637 3.81815 0.5572 3.69998 -1 -1
408 3 4 0.0557732 0.714163 1.34209 0.504001 -1 -1
409 4 2 0.289983 4.49172 1.32774 4.8565 -1 -1
410 4 1 0.197009 1.83546 0.197009 1.83526 -1 -1
411 4 4 0.628199 0.878013 1.0558 0.981722 -1 -1
412 4 1 0.726133 2.63103 0.726133 2.63144 -1 -1
413 3 7 1.27218 3.48919 1.5 3.47317 -1 -1
414 4 3 0.471343 1.0745 0.62112 1.02148 -1 -1
415 4 4 1.26497 0.233512 1.41554 0.197833 -1 -1
416 4 3 0.453345 3.24334 1.02518 3.44229 -1 -1
417 3 4 0.0547243 3.79183 0.630528 3.94574 -1 -1
418 4 1 0.662788 2.26657 0.662788 2.26696 -1 -1
419 4 2 0.215307 2.32276 0.254767 2.32931 -1 -1
420 3 2 0.493192 4.59279 1.37916 4.34489 -1 -1
421 4 2 0.272963 1.64943 1.11212 1.9144 -1 -1
422 3 2 1.37501 2.96585 1.43461 2.97276 -1 -1
423 3 1 1.4009 3.59214 1.4009 3.59651 -1 -1
424 4 4 0.0195252 1.40208 0.713783 1.55611 -1 -1
425 4 4 1.19289 3.24717 1.29282 3.24368 -1 -1
426 4 5 0.384692 0 1.1215 0.219854 -1 -1
427 3 3 0.628965 3.24803 1.07961 3.38725 -1 -1
428 4 4 0.224833 3.41353 0.928137 3.18339 -1 -1
429 4 3 0.456389 3.11944 1.03953 3.30943 -1 -1
430 3 1 1.37156 4.88081 1.37156 4.88255 -1 -1
431 3 2 0.674036 0.810086 1.40004 0.790429 -1 -1
432 4 2 0.106911 3.67461 1.26833 3.46604 -1 -1
433 4 2 0.225054 3.17746 1.22273 3.24556 -1 -1
434 4 4 0.804713 1.95643 1.26375 1.92668 -1 -1
435 4 2 0.936173 1.9057 1.29046 1.84185 -1 -1
436 4 2 0.247224 1.49522 1.34853 1.69902 -1 -1
437 3 3 0.282561 4.33871 0.682339 4.36897 -1 -1
438 3 1 1.1801 4.46424 1.1801 4.46694 -1 -1
439 4 2 0.0783068 3.89682 0.968745 4.08299 -1 -1
440 4 1 0.0489799 3.59216 0.0489799 3.59393 -1 -1
441 4 3 0.0767537 3.1106 0.91796 2.86337 -1 -1
442 4 4 0.0950924 4.74272 0.721544 4.53888 -1 -1
443 4 2 0.318852 3.50695 1.01262 3.44802 -1 -1
444 4 1 1.14154 3.16235 1.14154 3.1634 -1 -1
445 4 3 0.95528 3.40549 1.01421 3.39418 -1 -1
446 4 3 0.534845 4.98825 1.14718 4.80006 -1 -1
447 4 4 0.190366 3.43158 0.50991 3.44866 -1 -1
448 4 4 0.137853 4.22121 0.540255 4.34152 -1 -1
449 3 1 0.152677 4.033 0.152677 4.03363 -1 -1
450 3 1 0.660771 2.22737 0.660771 2.22561 -1 -1
451 4 4 0.233361 0.241314 0.39904 0.281115 -1 -1
452 4 4 0.39558 3.45736 0.574992 3.44282 -1 -1
453 4 6 0 1.11616 0.764601 1.07825 -1 -1
454 4 1 1.04498 2.30454 1.04498 2.30541 -1 -1
455 4 4 0.381323 0.794593 0.761621 0.918583 -1 -1
456 4 2 0.448897 3.57289 0.668419 3.5874 -1 -1
457 4 1 0.77722 4.51734 0.77722 4.51733 -1 -1
458 4 1 0.5281 2.40731 0.5281 2.40337 -1 -1
459 3 2 0.0829202 4.79093 1.22269 4.76788 -1 -1
460 4 3 0.212623 4.19365 0.800688 3.99723 -1 -1
461 3 2 0.151023 1.52585 0.467293 1.57456 -1 -1
462 4 4 0.553912 3.94533 1.499 3.80483 -1 -1
463 4 2 0.32515 3.58055 0.626699 3.68765 -1 -1
464 4 3 1.2192 4.71853 1.43291 4.77078 -1 -1
465 4 5 0.779014 5 1.02872 4.9094 -1 -1
466 3 2 0.80884 3.07321 1.34433 2.94605 -1 -1
467 4 4 0.0993458 4.96488 0.259292 4.96072 -1 -1
468 4 1 0.0564473 3.16958 0.0564473 3.17006 -1 -1
469 4 1 0.919369 1.65817 0.919369 1.65781 -1 -1
470 4 3 0.199092 3.10583 0.584104 3.06902 -1 -1
471 4 2 0.0102195 3.74246 0.480317 3.64546 -1 -1
472 3 3 0.686555 1.91047 1.1425 1.96448 -1 -1
473 4 1 1.21297 2.13896 1.21297 2.13896 -1 -1
474 4 1 0.532694 3.13357 0.532694 3.13357 -1 -1
475 4 1 0.572769 1.28474 0.572769 1.28474 -1 -1
476 4 2 0.720724 4.2064 1.25223 4.30183 -1 -1
477 3 4 0.0262417 3.45489 1.34051 3.55995 -1 -1
478 4 2 0.907228 2.1272 0.987149 2.13075 -1 -1
479 4 3 0.154162 0.875281 0.487085 0.782797 -1 -1
480 4 2 0.362542 3.82191 1.28476 3.63993 -1 -1
481 4 4 1.02615 1.952 1.08264 1.9722 -1 -1
482 3 4 0.0362815 0.505968 1.22822 0.245796 -1 -1
483 4 4 0.370432 1.51575 0.586283 1.55827 -1 -1
484 4 4 0.514554 0.485307 0.851624 0.440765 -1 -1
485 4 6 0 4.30864 1.45575 4.47635 -1 -1
486 4 4 0.359741 0.477825 1.08693 0.340739 -1 -1
487 4 3 0.966263 1.53229 1.06559 1.5207 -1 -1
488 4 6 0 0.517166 0.437367 0.413585 -1 -1
489 3 2 0.0113889 0.28271 1.30241 0.0805038 -1 -1
490 4 4 0.236181 3.56361 0.734754 3.60136 -1 -1
491 3 2 0 0.77654 1.40067 0.939221 -1 -1
492 4 1 0.168189 0.115524 0.168189 0.114087 -1 -1
493 4 1 1.28969 3.54794 1.28969 3.54794 -1 -1
494 3 2 0.180987 4.74115 1.37957 4.68292 -1 -1
495 3 4 0.290395 2.7052 1.4411 2.92878 -1 -1
496 3 2 1.16541 4.16688 1.39862 4.22355 -1 -1
497 4 6 0 2.60965 1.29431 2.5434 -1 -1
498 4 4 1.23534 2.88418 1.47525 2.87749 -1 -1
499 4 4 0.539062 1.27105 1.499 1.21439 -1 -1
